0 0.580948 0.605285 0.087858 0.098154
0 0.384008 0.605285 0.120434 0.098154
0 0.130799 0.596477 0.139191 0.115771
0 0.270483 0.450084 0.418559 0.140940
0 0.407207 0.353398 0.141165 0.009647
0 0.658440 0.235529 0.199408 0.079279
0 0.465450 0.203020 0.012833 0.014262
0 0.311451 0.203020 0.010859 0.014262
0 0.112043 0.235109 0.101679 0.200922
0 0.798125 0.498113 0.370187 0.974413
1 0.732971 0.699665 0.032577 0.036073
1 0.490622 0.647441 0.090820 0.013842
1 0.617473 0.537961 0.008884 0.035655
1 0.435834 0.537961 0.008884 0.035655
1 0.184107 0.514471 0.081935 0.003775
1 0.435834 0.490981 0.008884 0.034815
1 0.796644 0.453020 0.065153 0.027684
1 0.617473 0.427852 0.008884 0.035235
1 0.668805 0.301594 0.008885 0.052014
1 0.515301 0.203020 0.084896 0.014262
2 0.666832 0.647441 0.081935 0.013842
2 0.262093 0.647441 0.121422 0.013842
2 0.077493 0.529572 0.032577 0.017198
2 0.077493 0.357592 0.032577 0.043205
2 0.809476 0.203020 0.100691 0.014262
2 0.387956 0.203020 0.140177 0.014262
2 0.234453 0.203020 0.141165 0.014262