0 0.506555 0.902555 0.042909 0.009506
0 0.900476 0.807487 0.053635 0.026144
0 0.613230 0.793821 0.308700 0.226975
0 0.702026 0.660131 0.450536 0.194890
0 0.300357 0.688057 0.116805 0.265003
0 0.908820 0.415330 0.036948 0.079620
0 0.900476 0.218657 0.053635 0.241236
0 0.582241 0.107249 0.020262 0.018420
0 0.442193 0.181224 0.076282 0.166370
0 0.255661 0.460487 0.389749 0.892454
1 0.492252 0.874926 0.014303 0.044563
1 0.408820 0.811646 0.097736 0.017826
1 0.410608 0.704694 0.101311 0.007130
1 0.240763 0.704694 0.064362 0.007130
1 0.483314 0.658349 0.013111 0.042781
1 0.209774 0.605764 0.061979 0.006535
1 0.310489 0.535651 0.013111 0.038621
1 0.352205 0.450683 0.056020 0.025550
1 0.208582 0.355021 0.061979 0.006536
1 0.443981 0.290255 0.013110 0.050505
1 0.526222 0.107249 0.089392 0.018420
2 0.564958 0.903743 0.071514 0.007130
2 0.820620 0.811646 0.103695 0.017826
2 0.252682 0.811646 0.033373 0.017826
2 0.908820 0.775996 0.036948 0.035651
2 0.908820 0.508913 0.036948 0.106358
2 0.908820 0.357397 0.036948 0.035057
2 0.733016 0.107249 0.278903 0.018420
2 0.297378 0.107249 0.210966 0.018420