0 0.534034 0.575702 0.214109 0.304030
0 0.802599 0.578754 0.360148 0.752137
0 0.633663 0.274725 0.022277 0.144078
0 0.196782 0.228938 0.017327 0.052503
0 0.282797 0.482295 0.553218 0.945055
1 0.574258 0.939561 0.094059 0.030525
1 0.435025 0.775336 0.016089 0.092796
1 0.633663 0.773505 0.014851 0.091575
1 0.528465 0.717949 0.079208 0.012210
1 0.632426 0.385225 0.017327 0.074481
1 0.433787 0.385225 0.013614 0.074481
1 0.149134 0.228938 0.075495 0.052503
2 0.740718 0.228938 0.189356 0.052503
2 0.590966 0.228938 0.060643 0.052503
2 0.306312 0.228938 0.199258 0.052503