0 0.149774 0.674268 0.009038 0.007745
0 0.824726 0.682014 0.288573 0.107573
0 0.149774 0.518072 0.009038 0.008606
0 0.964171 0.482358 0.009683 0.059380
0 0.149774 0.438038 0.009038 0.005164
0 0.693350 0.354991 0.018077 0.043890
0 0.149774 0.242685 0.009038 0.006884
0 0.500323 0.456971 0.937379 0.557659
1 0.652356 0.729776 0.054874 0.012048
1 0.688832 0.595956 0.009039 0.062823
1 0.149774 0.477194 0.009038 0.071429
1 0.562944 0.433735 0.038734 0.043030
1 0.688832 0.304647 0.009039 0.055078
2 0.149774 0.701377 0.009038 0.044750
2 0.149774 0.596386 0.009038 0.146299
2 0.964171 0.595955 0.009683 0.166093
2 0.714332 0.370912 0.022595 0.012048
2 0.964171 0.369191 0.009683 0.165232
2 0.149774 0.340792 0.009038 0.187608
2 0.149774 0.215577 0.009038 0.045611