0 0.755790 0.900605 0.084211 0.019173
0 0.427895 0.825934 0.031228 0.019173
0 0.575964 0.831231 0.017193 0.157922
0 0.655790 0.805248 0.104561 0.209889
0 0.510701 0.767912 0.045263 0.135217
0 0.755439 0.703078 0.032983 0.006559
0 0.376667 0.698284 0.001755 0.005045
0 0.345264 0.698284 0.002105 0.005045
0 0.314211 0.697780 0.005263 0.006054
0 0.257544 0.697780 0.002105 0.006054
0 0.225264 0.697780 0.002807 0.006054
0 0.193158 0.697780 0.001754 0.006054
0 0.160701 0.697780 0.002807 0.006054
0 0.128597 0.697780 0.002457 0.006054
0 0.096492 0.697780 0.002105 0.006054
0 0.066492 0.697780 0.004561 0.006054
0 0.880175 0.798184 0.078245 0.224016
0 0.826140 0.662462 0.044561 0.004036
0 0.314211 0.658426 0.005263 0.004036
0 0.846842 0.661201 0.088772 0.089304
0 0.314211 0.618315 0.005263 0.005550
0 0.471052 0.669273 0.124561 0.230575
0 0.313860 0.508325 0.005263 0.005550
0 0.656140 0.555500 0.188070 0.139253
0 0.313860 0.468719 0.005263 0.005045
0 0.513158 0.432896 0.021404 0.019172
0 0.377719 0.427094 0.003158 0.007568
0 0.344913 0.427094 0.002807 0.007568
0 0.313684 0.427346 0.005614 0.008072
0 0.257895 0.426337 0.002807 0.006054
0 0.225088 0.426337 0.003158 0.006054
0 0.193509 0.426337 0.003860 0.006054
0 0.160527 0.426337 0.004561 0.006054
0 0.128947 0.426337 0.004561 0.006054
0 0.096666 0.426337 0.005263 0.006054
0 0.066316 0.426337 0.004912 0.006054
0 0.876491 0.458627 0.028070 0.253279
0 0.750877 0.341574 0.034386 0.019172
0 0.673684 0.341574 0.032982 0.019172
0 0.560350 0.388497 0.014035 0.113017
0 0.385263 0.448284 0.148070 0.239657
0 0.705965 0.179869 0.354386 0.224521
1 0.550175 0.825934 0.033685 0.019173
1 0.595614 0.755549 0.021404 0.006559
1 0.550701 0.756055 0.034035 0.007569
1 0.723508 0.703330 0.030175 0.006054
1 0.787193 0.702825 0.029824 0.006055
1 0.530000 0.678859 0.004562 0.041877
1 0.547719 0.621846 0.028070 0.006559
1 0.418421 0.591827 0.014386 0.046417
1 0.314211 0.591574 0.005263 0.046922
1 0.674035 0.546670 0.004210 0.027750
1 0.564561 0.544652 0.004211 0.031786
1 0.314035 0.534561 0.005614 0.045914
1 0.564737 0.465439 0.004562 0.039858
1 0.538596 0.432896 0.028771 0.019172
1 0.285088 0.426337 0.050877 0.006054
1 0.585438 0.180373 0.005965 0.042886
2 0.819474 0.900605 0.042456 0.019173
2 0.691929 0.900605 0.042807 0.019173
2 0.592631 0.900605 0.021053 0.019173
2 0.465789 0.825934 0.043859 0.019173
2 0.418948 0.800455 0.013333 0.030777
2 0.393158 0.698284 0.030526 0.005045
2 0.361053 0.698284 0.028772 0.005045
2 0.330176 0.698284 0.027369 0.005045
2 0.241579 0.697780 0.029122 0.006054
2 0.208948 0.697780 0.029123 0.006054
2 0.177193 0.697780 0.029474 0.006054
2 0.144561 0.697780 0.028772 0.006054
2 0.112456 0.697780 0.029123 0.006054
2 0.082105 0.697780 0.025965 0.006054
2 0.898772 0.695762 0.014386 0.019172
2 0.314211 0.677598 0.005263 0.033299
2 0.314211 0.638748 0.005263 0.034309
2 0.883860 0.600908 0.013333 0.030272
2 0.313860 0.488395 0.005263 0.033299
2 0.313860 0.448789 0.005263 0.033804
2 0.480877 0.432896 0.042456 0.019172
2 0.393860 0.427094 0.028421 0.007568
2 0.361228 0.427094 0.029122 0.007568
2 0.330000 0.427094 0.026316 0.007568
2 0.241579 0.426337 0.029122 0.006054
2 0.209473 0.426337 0.027369 0.006054
2 0.177193 0.426337 0.028070 0.006054
2 0.144737 0.426337 0.026316 0.006054
2 0.112983 0.426337 0.026667 0.006054
2 0.081404 0.426337 0.024561 0.006054
2 0.815263 0.341574 0.093684 0.019172
2 0.711929 0.341574 0.042807 0.019172
2 0.612281 0.341574 0.089123 0.019172