0 0.735271 0.893062 0.002731 0.011905
0 0.662309 0.893062 0.002731 0.011905
0 0.783457 0.889573 0.031214 0.018884
0 0.846664 0.842775 0.001560 0.011494
0 0.504487 0.914203 0.250488 0.154351
0 0.581935 0.811782 0.055794 0.079229
0 0.799649 0.798850 0.023020 0.113301
0 0.185134 0.818760 0.040967 0.159688
0 0.889973 0.792283 0.099883 0.112479
0 0.472884 0.782636 0.053843 0.131773
0 0.606906 0.719417 0.005852 0.009442
0 0.168942 0.704229 0.008583 0.018473
0 0.386656 0.703407 0.014046 0.091544
0 0.690597 0.663588 0.095982 0.040640
0 0.890363 0.674056 0.099102 0.073892
0 0.173820 0.650451 0.018338 0.039819
0 0.654116 0.646141 0.169723 0.137110
0 0.460788 0.631158 0.162310 0.107143
0 0.477175 0.573276 0.060086 0.010263
0 0.275458 0.715723 0.121733 0.365763
0 0.250293 0.537562 0.028482 0.009441
0 0.188451 0.565681 0.047600 0.065681
0 0.882950 0.557061 0.113929 0.114122
0 0.733515 0.522784 0.043699 0.045567
0 0.677917 0.505953 0.005073 0.011905
0 0.609832 0.522578 0.040577 0.045156
0 0.500585 0.515394 0.106906 0.030788
0 0.734101 0.401273 0.003511 0.011905
0 0.662700 0.401273 0.004292 0.011905
0 0.932306 0.219828 0.012095 0.001231
0 0.450253 0.209360 0.011705 0.004926
0 0.450253 0.176519 0.011705 0.011494
0 0.862661 0.181445 0.151385 0.027914
0 0.450253 0.147578 0.011705 0.002052
0 0.932306 0.143883 0.012095 0.002053
0 0.658408 0.207717 0.559890 0.399015
1 0.250488 0.893884 0.088958 0.009441
1 0.604760 0.867816 0.010144 0.032020
1 0.828521 0.842775 0.033945 0.011494
1 0.834178 0.744252 0.010925 0.004105
1 0.810769 0.744252 0.034335 0.004105
1 0.606906 0.748152 0.005852 0.047209
1 0.842763 0.724549 0.003901 0.032019
1 0.451424 0.700739 0.010924 0.031198
1 0.409676 0.673029 0.031214 0.010263
1 0.198790 0.656199 0.030823 0.005337
1 0.555599 0.653736 0.026532 0.003695
1 0.168942 0.614532 0.008583 0.031198
1 0.520094 0.578202 0.027312 0.011084
1 0.737027 0.561577 0.003902 0.031199
1 0.596762 0.562193 0.004292 0.033251
1 0.696060 0.505953 0.030433 0.011905
1 0.450253 0.228038 0.011705 0.031609
1 0.607296 0.228859 0.004292 0.047208
1 0.788724 0.203202 0.003512 0.032020
1 0.788724 0.162561 0.003512 0.032019
1 0.748732 0.136905 0.031994 0.004516
1 0.607296 0.099753 0.004292 0.023809
2 0.752244 0.893062 0.030433 0.011905
2 0.698791 0.893062 0.069449 0.011905
2 0.645338 0.893062 0.030433 0.011905
2 0.793602 0.867816 0.010925 0.023810
2 0.859150 0.842775 0.022629 0.011494
2 0.526922 0.842569 0.053453 0.011905
2 0.168942 0.726190 0.008583 0.024631
2 0.933866 0.723522 0.012095 0.024220
2 0.168942 0.682677 0.008583 0.023809
2 0.384315 0.645320 0.009364 0.023810
2 0.933866 0.625616 0.012095 0.022168
2 0.453375 0.585181 0.012486 0.012726
2 0.276824 0.537562 0.023800 0.009441
2 0.224151 0.537562 0.023020 0.009441
2 0.454350 0.549466 0.014436 0.036535
2 0.790675 0.505953 0.069840 0.011905
2 0.652751 0.505953 0.044479 0.011905
2 0.571791 0.507389 0.034725 0.014778
2 0.751269 0.401273 0.030043 0.011905
2 0.698596 0.401273 0.066719 0.011905
2 0.645533 0.401273 0.029263 0.011905
2 0.932306 0.232553 0.012095 0.023399
2 0.932306 0.207307 0.012095 0.022988
2 0.450253 0.194582 0.011705 0.023809
2 0.450253 0.159688 0.011705 0.021346
2 0.932306 0.156199 0.012095 0.021757
2 0.450253 0.135057 0.011705 0.022167
2 0.932306 0.131363 0.012095 0.022168