0 0.566361 0.797185 0.231219 0.214680
0 0.466611 0.748620 0.090150 0.119757
0 0.759182 0.653145 0.313022 0.310707
0 0.860183 0.490894 0.111019 0.092164
0 0.473706 0.268764 0.055926 0.022075
0 0.623122 0.244758 0.101002 0.148455
0 0.759182 0.316225 0.313022 0.469095
0 0.333055 0.443432 0.322204 0.730133
1 0.550501 0.798013 0.075960 0.020971
1 0.551335 0.695088 0.079299 0.007174
1 0.455759 0.665287 0.010017 0.045806
1 0.609766 0.665563 0.014190 0.047462
1 0.272537 0.596302 0.052587 0.006071
1 0.609766 0.571744 0.014190 0.040838
1 0.455759 0.525111 0.010017 0.041391
1 0.777546 0.501103 0.052588 0.006623
1 0.648999 0.501103 0.055927 0.006623
1 0.609766 0.341611 0.014190 0.044151
1 0.537145 0.268764 0.069282 0.022075
2 0.734975 0.798013 0.104340 0.020971
2 0.342237 0.798013 0.156928 0.020971
2 0.899833 0.554912 0.031720 0.034768
2 0.899833 0.427152 0.031720 0.034216
2 0.353923 0.268764 0.181970 0.022075
2 0.752922 0.181015 0.156929 0.020971