0 0.759511 0.810362 0.399456 0.248705
0 0.776268 0.733161 0.143116 0.098445
0 0.585145 0.513471 0.063406 0.158549
0 0.379529 0.608290 0.146740 0.348186
0 0.790760 0.405699 0.128623 0.382383
0 0.683877 0.223316 0.027174 0.044560
0 0.783515 0.419171 0.351449 0.726424
0 0.400815 0.071503 0.136775 0.031088
0 0.149004 0.419171 0.203805 0.726424
1 0.661231 0.765803 0.085145 0.033160
1 0.663496 0.691709 0.086051 0.011399
1 0.731431 0.640414 0.009964 0.084975
1 0.611866 0.639896 0.009964 0.092228
1 0.829257 0.588083 0.067935 0.011399
1 0.828804 0.439897 0.067029 0.011399
1 0.290308 0.439897 0.076992 0.011399
1 0.683877 0.157513 0.027174 0.084974
2 0.877718 0.765803 0.057971 0.033160
2 0.492753 0.765803 0.132247 0.033160
2 0.234602 0.765803 0.141305 0.033160
2 0.883605 0.230052 0.055254 0.031088
2 0.738677 0.230052 0.082427 0.031088
2 0.538496 0.071503 0.136775 0.031088
2 0.259964 0.071503 0.143116 0.031088