0 0.455209 0.675098 0.032133 0.183991
0 0.697663 0.293774 0.067186 0.018343
0 0.356378 0.293774 0.005842 0.018343
0 0.704966 0.515286 0.290166 0.725959
0 0.483934 0.227627 0.064265 0.150639
0 0.291626 0.515286 0.355404 0.727071
1 0.638753 0.844358 0.015579 0.044470
1 0.275073 0.837131 0.026290 0.044469
1 0.515579 0.759033 0.086660 0.016120
1 0.695229 0.663980 0.077897 0.005002
1 0.580331 0.560312 0.011684 0.044469
1 0.463486 0.560034 0.011684 0.045025
1 0.771178 0.293774 0.077897 0.018343
2 0.365628 0.759033 0.145082 0.016120
2 0.590068 0.293774 0.146056 0.018343
2 0.405551 0.293774 0.090555 0.018343
2 0.293573 0.293774 0.117819 0.018343