0 0.691145 0.804522 0.259179 0.096631
0 0.355022 0.805851 0.325594 0.237588
0 0.664956 0.623227 0.311555 0.157802
0 0.319925 0.572252 0.255399 0.220745
0 0.319925 0.335993 0.255399 0.129432
0 0.748650 0.256205 0.016738 0.005319
0 0.526728 0.229610 0.669006 0.391844
1 0.538877 0.846631 0.046436 0.028369
1 0.721923 0.725621 0.006479 0.059397
1 0.571004 0.724734 0.005939 0.070036
1 0.444385 0.650709 0.006479 0.070922
1 0.512149 0.593529 0.005940 0.071809
1 0.444385 0.425975 0.006479 0.070036
1 0.748650 0.296099 0.016738 0.072695
1 0.444385 0.263298 0.006479 0.113475
2 0.809935 0.731383 0.021598 0.056738
2 0.200594 0.753103 0.016738 0.139184
2 0.812635 0.495567 0.016198 0.138298
2 0.200594 0.471188 0.016738 0.139184
2 0.748650 0.199911 0.016738 0.105497
2 0.200594 0.200798 0.016738 0.139184