0 0.494676 0.857274 0.122851 0.138121
0 0.728911 0.847145 0.093366 0.158379
0 0.123669 0.821976 0.049140 0.208717
0 0.315724 0.849294 0.085995 0.298956
0 0.113431 0.649172 0.028665 0.043585
0 0.531941 0.611418 0.107290 0.181706
0 0.666257 0.314917 0.069615 0.186618
0 0.478706 0.233885 0.053236 0.024555
0 0.227682 0.430018 0.257166 0.416820
0 0.351351 0.209024 0.052416 0.074278
0 0.630221 0.498465 0.547912 0.855740
1 0.397215 0.913751 0.075348 0.025169
1 0.395577 0.792204 0.073710 0.007980
1 0.768633 0.775937 0.053235 0.006139
1 0.733825 0.736955 0.008190 0.060774
1 0.351761 0.669122 0.009009 0.060160
1 0.153972 0.631062 0.050778 0.007366
1 0.351761 0.596992 0.009009 0.049724
1 0.663391 0.439534 0.008190 0.061387
1 0.414824 0.233885 0.072891 0.024555
2 0.801392 0.913751 0.049959 0.025169
2 0.619165 0.913751 0.124488 0.025169
2 0.210483 0.913751 0.122850 0.025169
2 0.111794 0.694291 0.025389 0.045426
2 0.111794 0.603745 0.025389 0.046041
2 0.763309 0.233885 0.122850 0.024555
2 0.568387 0.233885 0.124488 0.024555
2 0.251024 0.233885 0.146601 0.024555