0 0.620519 0.509856 0.093943 0.124519
0 0.380717 0.502644 0.160692 0.138942
0 0.776267 0.365865 0.383190 0.412500
0 0.640915 0.167789 0.018541 0.016347
0 0.503090 0.167789 0.044499 0.016347
0 0.289246 0.516827 0.326328 0.922116
1 0.326947 0.860817 0.097652 0.006250
1 0.517305 0.564183 0.110012 0.015865
1 0.304079 0.488461 0.101360 0.004807
1 0.592707 0.427885 0.016070 0.038461
1 0.414092 0.413462 0.012361 0.038461
1 0.578492 0.167789 0.103832 0.016347
2 0.744746 0.564183 0.152039 0.015865
2 0.260198 0.564183 0.077874 0.015865
2 0.762670 0.167789 0.222496 0.016347
2 0.387515 0.167789 0.184178 0.016347