0 0.465197 0.493471 0.097448 0.121736
0 0.718677 0.485679 0.170533 0.137321
0 0.622970 0.158382 0.055684 0.015165
0 0.449536 0.158382 0.080046 0.015165
0 0.305685 0.158382 0.010441 0.015165
0 0.292924 0.352569 0.421113 0.403539
0 0.805105 0.499157 0.354989 0.899747
1 0.773782 0.835299 0.102088 0.005054
1 0.573666 0.546336 0.117170 0.016007
1 0.798724 0.471146 0.103248 0.004634
1 0.497100 0.413648 0.012761 0.037068
1 0.683294 0.398062 0.013921 0.037068
1 0.542344 0.158382 0.103249 0.015165
2 0.338167 0.546336 0.154292 0.016007
2 0.843967 0.545914 0.077727 0.016850
2 0.729119 0.158382 0.154293 0.015165
2 0.360209 0.158382 0.096288 0.015165
2 0.251160 0.158382 0.096288 0.015165