0 0.886996 0.887771 0.074376 0.072283
0 0.552783 0.857337 0.071977 0.133152
0 0.723608 0.814402 0.167947 0.219022
0 0.522313 0.701631 0.011036 0.082609
0 0.352688 0.624456 0.027831 0.040217
0 0.619242 0.672554 0.080134 0.137500
0 0.545346 0.611957 0.057101 0.030435
0 0.820057 0.663858 0.208253 0.174457
0 0.527351 0.532065 0.092131 0.044565
0 0.820057 0.510598 0.208253 0.073370
0 0.273273 0.540489 0.086853 0.208152
0 0.392035 0.490490 0.085413 0.142935
0 0.820057 0.407880 0.208253 0.077717
0 0.184021 0.466576 0.145394 0.355978
0 0.814539 0.267392 0.219290 0.171739
0 0.633398 0.350272 0.097889 0.337500
0 0.523992 0.235326 0.071977 0.107608
0 0.489443 0.290761 0.163148 0.218478
0 0.321737 0.248913 0.100288 0.219566
0 0.236564 0.156794 0.250480 0.186413
1 0.680422 0.710055 0.041267 0.007065
1 0.719050 0.683153 0.006238 0.042391
1 0.188100 0.638315 0.082534 0.012500
1 0.585413 0.606793 0.022073 0.005979
1 0.522313 0.578261 0.011036 0.046739
1 0.569338 0.573641 0.006238 0.045109
1 0.719050 0.553532 0.006238 0.045109
1 0.637716 0.514402 0.024952 0.009239
1 0.589491 0.514402 0.031190 0.009239
1 0.719050 0.467120 0.006238 0.039674
1 0.380518 0.447010 0.025912 0.009239
1 0.333013 0.447010 0.031669 0.009239
1 0.258877 0.422826 0.018714 0.032608
1 0.425144 0.418478 0.007678 0.035870
1 0.358925 0.388858 0.005758 0.059239
1 0.719050 0.376902 0.006238 0.046196
1 0.389875 0.345652 0.035029 0.008696
1 0.690739 0.329076 0.039828 0.005978
1 0.587812 0.329076 0.032630 0.005978
1 0.254798 0.319022 0.032629 0.008696
1 0.523513 0.304348 0.005759 0.029348
1 0.747361 0.255707 0.034069 0.007065
1 0.116843 0.269293 0.011037 0.037500
1 0.388915 0.187772 0.038867 0.012500
1 0.356286 0.116304 0.011036 0.044565
2 0.828695 0.917663 0.041267 0.012500
2 0.614203 0.917663 0.049904 0.012500
2 0.918666 0.801359 0.011036 0.099457
2 0.522313 0.766847 0.011036 0.046739
2 0.322937 0.638315 0.030710 0.012500
2 0.522313 0.643750 0.011036 0.032066
2 0.361324 0.583152 0.010557 0.041304
2 0.918666 0.571468 0.011036 0.047283
2 0.458014 0.539946 0.045585 0.012500
2 0.918666 0.451087 0.011036 0.044566
2 0.918666 0.344294 0.011036 0.048369
2 0.693618 0.187772 0.021594 0.012500
2 0.572217 0.187772 0.023512 0.012500
2 0.473608 0.187772 0.027831 0.012500