0 0.266400 0.867682 0.245627 0.129911
0 0.199708 0.744587 0.112245 0.135526
0 0.673105 0.736568 0.458454 0.225341
0 0.254008 0.603849 0.220845 0.267843
0 0.747449 0.495991 0.309766 0.100241
0 0.540451 0.428628 0.117347 0.056937
0 0.865160 0.257819 0.074344 0.133921
0 0.586005 0.208902 0.004373 0.036087
0 0.182216 0.277466 0.077259 0.173216
0 0.500364 0.255814 0.433673 0.421812
1 0.421647 0.852847 0.067784 0.031275
1 0.361152 0.770249 0.006559 0.063352
1 0.282799 0.725340 0.052478 0.013633
1 0.480685 0.683641 0.006560 0.064956
1 0.595846 0.585004 0.006559 0.076182
1 0.360059 0.503609 0.007289 0.072173
1 0.444607 0.453087 0.072887 0.008019
1 0.618075 0.208902 0.058309 0.036087
2 0.157070 0.831195 0.026968 0.036086
2 0.162901 0.658380 0.038630 0.035284
2 0.887755 0.591019 0.029154 0.091419
2 0.157070 0.417001 0.026968 0.104250
2 0.887755 0.385325 0.029154 0.119487
2 0.772594 0.208902 0.109329 0.036087
2 0.525146 0.208902 0.115889 0.036087
2 0.252186 0.208902 0.061225 0.036087