0 0.495209 0.834796 0.035714 0.020690
0 0.300523 0.788088 0.080139 0.114107
0 0.789199 0.797492 0.360627 0.343574
0 0.791812 0.583386 0.355401 0.277743
0 0.925523 0.369906 0.087979 0.235736
0 0.632839 0.290282 0.067073 0.191850
0 0.486499 0.203761 0.004355 0.018809
0 0.393292 0.203761 0.002613 0.018809
0 0.239547 0.288401 0.081882 0.188088
0 0.757839 0.123825 0.423345 0.189969
0 0.228223 0.436991 0.418118 0.816301
1 0.692509 0.918496 0.017422 0.047649
1 0.560976 0.834796 0.094077 0.020690
1 0.622823 0.800627 0.012195 0.038872
1 0.284844 0.704389 0.012195 0.052038
1 0.620209 0.597492 0.012196 0.055172
1 0.620209 0.531662 0.012196 0.047649
1 0.846690 0.452037 0.067944 0.008777
1 0.182491 0.445768 0.065331 0.008778
1 0.620209 0.415361 0.012196 0.057053
1 0.262196 0.411598 0.012195 0.057053
1 0.439460 0.203761 0.087979 0.018809
1 0.153310 0.203761 0.088850 0.018809
2 0.408972 0.834796 0.135018 0.020690
2 0.202091 0.834796 0.114983 0.020690
2 0.955140 0.768025 0.028745 0.090282
2 0.955140 0.503448 0.028745 0.030094
2 0.955140 0.235424 0.028745 0.031975
2 0.721254 0.203761 0.108014 0.018809
2 0.543990 0.203761 0.108885 0.018809
2 0.336237 0.203761 0.109756 0.018809