0 0.692136 0.867311 0.451296 0.129471
0 0.734138 0.657367 0.367292 0.184549
0 0.359696 0.310801 0.033065 0.047926
0 0.366845 0.233905 0.018767 0.001431
0 0.734138 0.286123 0.367292 0.464950
0 0.442806 0.445994 0.533512 0.784692
1 0.703753 0.832260 0.050939 0.006438
1 0.434316 0.833333 0.062556 0.010014
1 0.552726 0.776109 0.004468 0.051502
1 0.394101 0.766810 0.007149 0.042918
1 0.281054 0.704221 0.050939 0.005007
1 0.394101 0.613733 0.007149 0.048641
1 0.552726 0.544706 0.004468 0.050787
1 0.366845 0.260730 0.018767 0.050787
2 0.905720 0.708870 0.024129 0.210300
2 0.905720 0.459228 0.024129 0.210301
2 0.278821 0.324035 0.126899 0.021459
2 0.366845 0.163805 0.018767 0.137339
2 0.776139 0.063663 0.131367 0.020029