0 0.838878 0.873896 0.268754 0.119799
0 0.851924 0.720996 0.242661 0.085120
0 0.136660 0.679067 0.013698 0.001261
0 0.273320 0.601828 0.287019 0.053593
0 0.136660 0.500630 0.013698 0.023959
0 0.528050 0.479509 0.235486 0.054855
0 0.935747 0.379571 0.075016 0.036570
0 0.851924 0.485498 0.242661 0.286254
0 0.529029 0.320303 0.233529 0.117276
0 0.136660 0.263872 0.013698 0.006935
0 0.136660 0.206179 0.013698 0.005044
0 0.851924 0.169609 0.242661 0.271122
0 0.696021 0.101514 0.157860 0.134931
0 0.331377 0.483922 0.630137 0.899748
1 0.675473 0.927175 0.056752 0.013241
1 0.413894 0.790037 0.005871 0.037831
1 0.640900 0.788777 0.005871 0.036570
1 0.733529 0.788777 0.005870 0.049180
1 0.733529 0.653531 0.005870 0.048550
1 0.413894 0.653215 0.005871 0.047919
1 0.136660 0.653215 0.013698 0.049181
1 0.733529 0.473518 0.005870 0.039092
1 0.878343 0.381778 0.038486 0.005674
1 0.733529 0.323770 0.005870 0.035939
1 0.136660 0.234552 0.013698 0.050441
1 0.733529 0.194199 0.005870 0.049180
2 0.963144 0.824086 0.020222 0.124842
2 0.136660 0.744956 0.013698 0.129256
2 0.963144 0.615699 0.020222 0.130517
2 0.136660 0.543821 0.013698 0.061160
2 0.960209 0.432850 0.026093 0.068726
2 0.963471 0.326923 0.019569 0.067466
2 0.136660 0.377995 0.013698 0.220050
2 0.136660 0.136507 0.013698 0.133039
2 0.832354 0.045082 0.113503 0.022068
2 0.521200 0.045082 0.190476 0.022068