0 0.486023 0.674832 0.061501 0.167789
0 0.686102 0.733619 0.225240 0.296387
0 0.705671 0.393141 0.186102 0.357624
0 0.551517 0.219534 0.053515 0.010411
0 0.437700 0.219534 0.031949 0.010411
0 0.375399 0.486528 0.252396 0.544397
1 0.603434 0.834660 0.011981 0.044090
1 0.542732 0.753827 0.059904 0.009798
1 0.545527 0.689222 0.055910 0.010410
1 0.687300 0.661666 0.053515 0.010410
1 0.494808 0.569198 0.013578 0.042254
1 0.647364 0.563993 0.013578 0.041641
1 0.647364 0.468157 0.013578 0.042254
1 0.489218 0.219534 0.069489 0.010411
2 0.395367 0.753827 0.118211 0.009798
2 0.791933 0.591549 0.013578 0.037967
2 0.628993 0.219534 0.099841 0.010411
2 0.360623 0.219534 0.120608 0.010411