0 0.941407 0.828620 0.001379 0.013574
0 0.974495 0.828337 0.015165 0.014140
0 0.398668 0.743213 0.001379 0.012443
0 0.284927 0.677885 0.151655 0.143099
0 0.612132 0.675905 0.090073 0.147058
0 0.466452 0.675339 0.125919 0.148190
0 0.975413 0.645927 0.013327 0.095023
0 0.168198 0.636029 0.173713 0.226810
0 0.585708 0.510747 0.058364 0.087104
0 0.810432 0.554299 0.343290 0.562217
0 0.357537 0.391969 0.552390 0.319005
0 0.785845 0.218608 0.035845 0.046945
0 0.693245 0.205034 0.010569 0.019796
0 0.185662 0.196832 0.012868 0.007919
0 0.638557 0.197964 0.024356 0.097285
0 0.621093 0.105204 0.039063 0.028281
0 0.433594 0.100396 0.053768 0.018666
0 0.312270 0.100396 0.076746 0.018666
0 0.198759 0.118212 0.039062 0.054299
1 0.887408 0.828620 0.105698 0.013574
1 0.548253 0.743213 0.036765 0.012443
1 0.467601 0.743213 0.037224 0.012443
1 0.377757 0.743213 0.039522 0.012443
1 0.382123 0.621324 0.041820 0.006221
1 0.297104 0.621324 0.038143 0.006221
1 0.252528 0.582296 0.005055 0.046945
1 0.597197 0.578337 0.005055 0.046946
1 0.424173 0.576357 0.004596 0.048643
1 0.632583 0.546098 0.034467 0.007353
1 0.538373 0.546098 0.035386 0.007353
1 0.252528 0.521211 0.005055 0.045815
1 0.632353 0.470306 0.034926 0.006221
1 0.731388 0.462670 0.006894 0.050905
1 0.514476 0.460124 0.005974 0.046945
1 0.706572 0.374151 0.038143 0.009615
1 0.653034 0.374151 0.038603 0.009615
1 0.378676 0.373586 0.085477 0.009616
1 0.837546 0.371889 0.039062 0.014140
1 0.629366 0.283088 0.005974 0.071833
1 0.669347 0.205034 0.036305 0.019796
1 0.185662 0.169118 0.012868 0.046380
2 0.954503 0.828620 0.023897 0.013574
2 0.698759 0.743213 0.082261 0.012443
2 0.404641 0.743213 0.009651 0.012443
2 0.172794 0.743213 0.071691 0.012443
2 0.975413 0.757353 0.013327 0.126696
2 0.975413 0.572964 0.013327 0.049774
2 0.088006 0.480487 0.013327 0.083145
2 0.796185 0.257636 0.015165 0.029977
2 0.185662 0.216629 0.012868 0.030543
2 0.733226 0.205034 0.068474 0.019796
2 0.633502 0.134333 0.014246 0.028846
2 0.565487 0.100396 0.071232 0.018666
2 0.494486 0.100396 0.067095 0.018666
2 0.378676 0.100396 0.055147 0.018666
2 0.246094 0.100396 0.054688 0.018666