0 0.689031 0.486961 0.007238 0.013837
0 0.280902 0.460085 0.051782 0.189994
0 0.397272 0.263970 0.046214 0.002129
0 0.774499 0.148217 0.101336 0.155934
0 0.661470 0.119745 0.067928 0.098989
0 0.752784 0.365088 0.428730 0.589675
0 0.403396 0.365088 0.156459 0.593933
0 0.278118 0.143161 0.129732 0.150080
0 0.134187 0.470197 0.157016 0.804151
1 0.161191 0.621873 0.012807 0.042043
1 0.716036 0.486961 0.045657 0.013837
1 0.229120 0.485631 0.050668 0.013305
1 0.229399 0.419638 0.050111 0.005854
1 0.126392 0.419638 0.044544 0.005854
1 0.148942 0.338478 0.038418 0.005322
1 0.755846 0.333954 0.006125 0.042044
1 0.755846 0.247738 0.006125 0.042044
1 0.819042 0.217935 0.043430 0.005854
1 0.302895 0.215540 0.043430 0.005322
1 0.607461 0.221926 0.005568 0.050027
1 0.639198 0.178818 0.027840 0.026609
2 0.857461 0.549494 0.131404 0.013305
2 0.373330 0.547897 0.131960 0.014369
2 0.645323 0.486961 0.079064 0.013837
2 0.864143 0.077435 0.076837 0.014369
2 0.709632 0.077435 0.027283 0.014369
2 0.613308 0.077435 0.027283 0.014369
2 0.382238 0.075306 0.077394 0.014370
2 0.173719 0.075306 0.077951 0.014370