0 0.439802 0.769826 0.060007 0.116054
0 0.030004 0.761122 0.060008 0.133462
0 0.243829 0.746131 0.012913 0.163443
0 0.312191 0.830271 0.107102 0.337524
0 0.872579 0.730174 0.204710 0.195358
0 0.729206 0.730174 0.028864 0.195358
0 0.154197 0.779014 0.098747 0.440039
0 0.613938 0.663926 0.210027 0.327853
0 0.417585 0.546906 0.104443 0.167311
0 0.264907 0.444874 0.002658 0.168279
0 0.682681 0.375725 0.019369 0.064797
0 0.095328 0.431335 0.190657 0.189555
0 0.589631 0.429400 0.161413 0.187621
0 0.317508 0.414894 0.034181 0.338491
0 0.867641 0.396518 0.214585 0.313346
0 0.765667 0.047389 0.003798 0.030948
0 0.719142 0.047389 0.004178 0.030948
0 0.401443 0.255319 0.136726 0.448743
0 0.324345 0.081238 0.066844 0.100580
0 0.257311 0.045455 0.003418 0.029013
0 0.209457 0.045455 0.003418 0.029013
0 0.146221 0.045455 0.034182 0.029013
0 0.030573 0.101064 0.061147 0.140232
0 0.741929 0.129110 0.466009 0.258221
1 0.220471 0.813346 0.033042 0.029014
1 0.264527 0.670212 0.030764 0.011605
1 0.221041 0.670212 0.034181 0.011605
1 0.756931 0.640232 0.025826 0.009671
1 0.464109 0.671180 0.011394 0.079304
1 0.302697 0.622824 0.004557 0.075436
1 0.717053 0.602998 0.003798 0.057060
1 0.807444 0.592843 0.003798 0.077369
1 0.349981 0.556093 0.030004 0.011606
1 0.399924 0.509188 0.004558 0.057060
1 0.855488 0.482592 0.022408 0.009671
1 0.668629 0.460832 0.003418 0.076402
1 0.927459 0.378143 0.022028 0.009671
1 0.319408 0.377176 0.026585 0.011606
1 0.668629 0.296905 0.003418 0.075435
1 0.807444 0.202611 0.003798 0.072534
1 0.302697 0.188588 0.004557 0.112186
1 0.783516 0.047389 0.031143 0.030948
1 0.274972 0.045455 0.031143 0.029013
2 0.387771 0.813346 0.043297 0.029014
2 0.261489 0.813346 0.021648 0.029014
2 0.082416 0.813346 0.044057 0.029014
2 0.760730 0.812379 0.078997 0.030948
2 0.693696 0.812379 0.041397 0.030948
2 0.005127 0.610251 0.010254 0.166345
2 0.968857 0.593327 0.012154 0.138298
2 0.515002 0.594294 0.012154 0.140232
2 0.464109 0.435686 0.011394 0.053191
2 0.968857 0.265474 0.012154 0.136364
2 0.515002 0.265958 0.012154 0.137331
2 0.005127 0.253868 0.010254 0.163443
2 0.742499 0.047389 0.041778 0.030948
2 0.695404 0.047389 0.042537 0.030948
2 0.391379 0.045455 0.066464 0.029013
2 0.233384 0.045455 0.043676 0.029013
2 0.185530 0.045455 0.043676 0.029013
2 0.095139 0.045455 0.067223 0.029013