0 0.273929 0.864630 0.130356 0.076527
0 0.450319 0.830225 0.111212 0.145338
0 0.650411 0.817363 0.126709 0.171061
0 0.808569 0.784887 0.317229 0.236013
0 0.680492 0.251125 0.053783 0.021222
0 0.561076 0.251125 0.037375 0.021222
0 0.306290 0.351769 0.094804 0.222509
0 0.808569 0.318328 0.317229 0.598070
0 0.312215 0.461093 0.522334 0.883601
1 0.546034 0.891319 0.080219 0.023151
1 0.239745 0.799678 0.009116 0.052090
1 0.547402 0.761093 0.081130 0.007074
1 0.380583 0.761093 0.073837 0.007074
1 0.184139 0.722508 0.054695 0.007074
1 0.654968 0.706109 0.010028 0.050161
1 0.334093 0.679099 0.010028 0.051447
1 0.654968 0.643087 0.010028 0.050161
1 0.220602 0.523794 0.054695 0.007074
1 0.334093 0.488746 0.010028 0.050160
1 0.616682 0.251125 0.072014 0.021222
2 0.779854 0.891319 0.130356 0.023151
2 0.366909 0.891319 0.053783 0.023151
2 0.180493 0.887139 0.054695 0.031511
2 0.953053 0.617685 0.028259 0.097106
2 0.775752 0.251125 0.134914 0.021222
2 0.448040 0.251125 0.186874 0.021222
2 0.188696 0.251125 0.138559 0.021222