0 0.740165 0.788838 0.341163 0.088608
0 0.579271 0.741657 0.005285 0.005754
0 0.743688 0.573648 0.334117 0.169160
0 0.298297 0.660529 0.427481 0.345225
0 0.174692 0.387227 0.014680 0.008055
0 0.820023 0.382624 0.014680 0.005754
0 0.497652 0.273303 0.826189 0.272727
1 0.540810 0.820484 0.056371 0.025317
1 0.579271 0.698504 0.005285 0.078250
1 0.579859 0.456847 0.006460 0.092060
1 0.508808 0.398734 0.038168 0.012658
1 0.174692 0.439585 0.014680 0.094361
1 0.820023 0.437284 0.014680 0.101266
2 0.903993 0.673188 0.013506 0.255466
2 0.820023 0.272152 0.014680 0.212888
2 0.174692 0.273303 0.014680 0.217491