0 0.624382 0.831192 0.718728 0.103972
0 0.813074 0.609229 0.033216 0.064252
0 0.718375 0.394860 0.222615 0.140187
0 0.931095 0.057243 0.092579 0.070094
0 0.717668 0.101052 0.224028 0.157711
0 0.492932 0.224883 0.133569 0.405374
0 0.353710 0.326518 0.075618 0.608645
0 0.157244 0.452687 0.249470 0.860982
1 0.232156 0.871495 0.064311 0.023365
1 0.187279 0.735981 0.007067 0.093458
1 0.310955 0.623831 0.056537 0.014019
1 0.813074 0.521028 0.033216 0.109814
1 0.578445 0.422313 0.055830 0.010514
1 0.305300 0.261098 0.056537 0.024532
2 0.813074 0.725467 0.033216 0.165888
2 0.813074 0.252337 0.033216 0.142523
2 0.959011 0.459696 0.009894 0.730140
2 0.857244 0.030374 0.053710 0.016355
2 0.582685 0.047313 0.044523 0.050234
2 0.402473 0.047313 0.045937 0.050234
2 0.279152 0.056075 0.072084 0.067757