0 0.412409 0.901482 0.138686 0.168496
0 0.601147 0.854281 0.069864 0.126784
0 0.594369 0.686059 0.018770 0.122942
0 0.382169 0.539791 0.142857 0.190450
0 0.796142 0.681394 0.222106 0.608672
0 0.471324 0.389407 0.108446 0.024698
0 0.286236 0.513996 0.349322 0.943469
1 0.525027 0.910813 0.084463 0.013721
1 0.523462 0.841109 0.083420 0.007135
1 0.455161 0.795829 0.011471 0.041712
1 0.591240 0.769210 0.012513 0.042261
1 0.644421 0.739572 0.079249 0.006038
1 0.325339 0.653129 0.010428 0.035127
1 0.407716 0.629253 0.058394 0.007135
1 0.281022 0.628431 0.057352 0.008781
1 0.440563 0.423435 0.026068 0.043359
1 0.308655 0.127058 0.010428 0.045554
2 0.284672 0.978870 0.114703 0.013721
2 0.712722 0.910813 0.151199 0.013721
2 0.279457 0.522777 0.064651 0.021405
2 0.668405 0.387761 0.283629 0.021405