0 0.563330 0.795185 0.121552 0.151852
0 0.665986 0.554074 0.265577 0.634074
0 0.473442 0.248519 0.003064 0.022963
0 0.597038 0.248519 0.039836 0.022963
0 0.293156 0.552963 0.212462 0.636296
0 0.602656 0.109260 0.020429 0.086667
0 0.196119 0.071111 0.014301 0.010370
1 0.450970 0.862222 0.101123 0.017778
1 0.662921 0.728148 0.083759 0.013334
1 0.538815 0.683334 0.011236 0.070371
1 0.526047 0.248519 0.100102 0.022963
2 0.691522 0.855926 0.132788 0.030370
2 0.695098 0.248519 0.154239 0.022963
2 0.341676 0.248519 0.258427 0.022963
2 0.603166 0.194444 0.019407 0.082223
2 0.195607 0.155556 0.013279 0.157037
2 0.397855 0.070741 0.387130 0.009630