0 0.245901 0.863773 0.008197 0.014551
0 0.198771 0.863773 0.028689 0.014551
0 0.621585 0.844958 0.202186 0.055193
0 0.331967 0.867536 0.035519 0.190667
0 0.804986 0.783242 0.081284 0.178625
0 0.638661 0.703212 0.236339 0.046663
0 0.223361 0.709734 0.057377 0.186152
0 0.061817 0.738084 0.048498 0.265931
0 0.370901 0.571500 0.061475 0.008028
0 0.633197 0.506272 0.225410 0.264928
0 0.829234 0.327145 0.010929 0.017060
0 0.738047 0.327145 0.019809 0.017060
0 0.257856 0.326392 0.022541 0.018565
0 0.180328 0.326392 0.010929 0.018565
0 0.101093 0.350727 0.127049 0.267937
0 0.735314 0.543653 0.441940 0.657802
0 0.408129 0.445058 0.135929 0.851982
0 0.041325 0.110386 0.007514 0.184646
1 0.282104 0.863773 0.062842 0.014551
1 0.860314 0.765178 0.056694 0.010035
1 0.344263 0.751881 0.008197 0.039639
1 0.784836 0.719267 0.054644 0.005519
1 0.818306 0.673608 0.008196 0.039639
1 0.737364 0.659308 0.007513 0.040141
1 0.344263 0.645007 0.008197 0.039639
1 0.343921 0.593326 0.007514 0.034621
1 0.772883 0.520572 0.052595 0.005520
1 0.865437 0.327145 0.060109 0.017060
1 0.216189 0.326392 0.059427 0.018565
2 0.743511 0.865028 0.040300 0.015053
2 0.380806 0.863773 0.060792 0.014551
2 0.227459 0.863773 0.027322 0.014551
2 0.135246 0.863773 0.096994 0.014551
2 0.879440 0.863020 0.066257 0.019067
2 0.534153 0.771952 0.027322 0.089814
2 0.534153 0.665830 0.027322 0.089313
2 0.051913 0.544907 0.028689 0.119418
2 0.534153 0.363522 0.027322 0.019569
2 0.785861 0.327145 0.074453 0.017060
2 0.656421 0.327145 0.142076 0.017060
2 0.345629 0.326392 0.151639 0.018565
2 0.140369 0.326392 0.067623 0.018565