0 0.946891 0.575867 0.013990 0.002421
0 0.333679 0.653350 0.546114 0.209039
0 0.236529 0.476998 0.058549 0.016142
0 0.823575 0.575464 0.351814 0.364810
0 0.463472 0.422114 0.317617 0.164649
0 0.072021 0.397498 0.022798 0.262308
0 0.930570 0.239709 0.046632 0.062954
0 0.887823 0.166666 0.033679 0.049233
0 0.757513 0.155367 0.129534 0.026634
0 0.623834 0.203794 0.038342 0.123487
0 0.077462 0.166666 0.033679 0.049233
0 0.436787 0.189669 0.086011 0.156578
0 0.578238 0.096448 0.013471 0.031477
0 0.488601 0.097255 0.015544 0.033091
0 0.243264 0.205407 0.171503 0.397901
1 0.627202 0.750201 0.039896 0.015335
1 0.591191 0.648506 0.004145 0.047619
1 0.432384 0.644472 0.006735 0.049233
1 0.342487 0.589184 0.030052 0.008071
1 0.946891 0.541969 0.013990 0.063761
1 0.548704 0.500807 0.032125 0.007264
1 0.472798 0.500807 0.030570 0.007264
1 0.263471 0.516949 0.004663 0.062147
1 0.263471 0.436642 0.004663 0.062954
1 0.286270 0.393462 0.035751 0.007263
1 0.451037 0.303874 0.004663 0.070218
1 0.619949 0.309524 0.004663 0.086360
1 0.286787 0.156174 0.035751 0.028249
2 0.946891 0.638418 0.013990 0.121066
2 0.072021 0.602502 0.022798 0.146086
2 0.946891 0.332123 0.013990 0.120258
2 0.072021 0.228814 0.022798 0.073447
2 0.914249 0.196126 0.047150 0.072640
2 0.846632 0.155367 0.047668 0.026634
2 0.667875 0.155367 0.048705 0.026634
2 0.361399 0.156174 0.063730 0.028249
2 0.125907 0.156174 0.062176 0.028249
2 0.472798 0.125505 0.044042 0.068603
2 0.557513 0.121873 0.121244 0.082325