0 0.569737 0.751049 0.751754 0.247691
0 0.303509 0.614190 0.061404 0.200672
0 0.892983 0.455500 0.105263 0.341729
0 0.425877 0.298069 0.011404 0.026868
0 0.132456 0.579765 0.073684 0.590260
0 0.493421 0.321159 0.420176 0.476071
1 0.157456 0.866079 0.071052 0.017632
1 0.412720 0.759026 0.007895 0.067170
1 0.671492 0.746431 0.007895 0.050377
1 0.835527 0.709488 0.064035 0.006717
1 0.647807 0.593199 0.007894 0.066330
1 0.383333 0.298069 0.071930 0.026868
2 0.925439 0.652813 0.040351 0.051217
2 0.771930 0.298069 0.135088 0.026868
2 0.503509 0.298069 0.142105 0.026868
2 0.217105 0.298069 0.130702 0.026868