0 0.284635 0.814611 0.032746 0.023566
0 0.435769 0.759230 0.105793 0.134328
0 0.659320 0.709348 0.109572 0.234092
0 0.608942 0.175177 0.011335 0.023566
0 0.444584 0.287903 0.113350 0.249018
0 0.522041 0.432050 0.887909 0.788688
1 0.545970 0.814611 0.114610 0.023566
1 0.546600 0.699528 0.113351 0.008641
1 0.464106 0.660251 0.013854 0.062058
1 0.292821 0.646505 0.071788 0.043991
1 0.464106 0.444619 0.013854 0.062844
1 0.552267 0.175177 0.099496 0.023566
2 0.785894 0.814611 0.153652 0.023566
2 0.341940 0.814611 0.079345 0.023566
2 0.229219 0.814611 0.075567 0.023566
2 0.767632 0.175177 0.303526 0.023566
2 0.272670 0.175177 0.227960 0.023566