0 0.680397 0.704006 0.530761 0.349499
0 0.917623 0.451503 0.056309 0.057459
0 0.913973 0.345546 0.046924 0.056405
0 0.898853 0.239588 0.077164 0.057459
0 0.913973 0.134950 0.046924 0.054824
0 0.573514 0.439641 0.727842 0.878229
1 0.369134 0.874011 0.089677 0.009489
1 0.809176 0.223247 0.100104 0.005799
1 0.425965 0.223247 0.090719 0.005799
2 0.917623 0.504745 0.056309 0.047971
2 0.913973 0.398261 0.046924 0.047971
2 0.913973 0.292831 0.046924 0.047970
2 0.913973 0.186611 0.046924 0.047443
2 0.913973 0.081181 0.046924 0.051660