0 0.702837 0.701983 0.542178 0.287056
0 0.207439 0.605950 0.304448 0.186848
0 0.656442 0.462944 0.265337 0.017745
0 0.205138 0.412318 0.299846 0.018789
0 0.526841 0.389352 0.006135 0.008351
0 0.514570 0.181628 0.918711 0.258873
1 0.498466 0.684759 0.049080 0.006263
1 0.394939 0.690501 0.072086 0.017746
1 0.396089 0.567328 0.071319 0.015658
1 0.348926 0.467119 0.012270 0.088726
1 0.348926 0.356994 0.012270 0.089770
1 0.526841 0.347077 0.006135 0.074113
1 0.396089 0.300104 0.048312 0.011483
2 0.071319 0.551670 0.032208 0.257829
2 0.955521 0.459812 0.036809 0.733820
2 0.071319 0.249478 0.032208 0.313152