0 0.800704 0.718430 0.343570 0.066552
0 0.302303 0.714590 0.503519 0.074232
0 0.369162 0.557594 0.194498 0.089590
0 0.809341 0.453925 0.326296 0.075086
0 0.113564 0.394198 0.013436 0.005120
0 0.500320 0.355375 0.944338 0.350683
1 0.591491 0.743174 0.073577 0.017064
1 0.461292 0.639931 0.010237 0.073379
1 0.651312 0.436860 0.010237 0.068260
1 0.113564 0.442833 0.013436 0.090444
1 0.615483 0.395904 0.046066 0.013652
2 0.064299 0.622440 0.027511 0.181741
2 0.960013 0.588310 0.024952 0.191979
2 0.960013 0.319966 0.024952 0.191126
2 0.113564 0.297781 0.013436 0.186007