0 0.770819 0.683955 0.002031 0.012966
0 0.599865 0.636683 0.047393 0.107510
0 0.705145 0.622367 0.075153 0.136143
0 0.645566 0.347109 0.057549 0.149649
0 0.738998 0.149108 0.003386 0.011885
0 0.675355 0.149108 0.029113 0.011885
0 0.538592 0.149108 0.002031 0.011885
0 0.257956 0.372501 0.434665 0.638033
0 0.711239 0.407888 0.433988 0.712047
1 0.646581 0.683955 0.044685 0.012966
1 0.184495 0.613182 0.006093 0.036737
1 0.243737 0.586709 0.048747 0.006483
1 0.644549 0.585900 0.044685 0.005943
1 0.575491 0.585900 0.043331 0.005943
1 0.275220 0.563749 0.008802 0.034036
1 0.149289 0.560238 0.007448 0.035656
1 0.717671 0.531335 0.064996 0.053485
1 0.262694 0.364398 0.048747 0.008103
1 0.168246 0.364398 0.091401 0.008103
1 0.268111 0.150459 0.046040 0.012426
1 0.713608 0.149108 0.046039 0.011885
2 0.822952 0.683955 0.100880 0.012966
2 0.756263 0.683955 0.025728 0.012966
2 0.552472 0.683955 0.046039 0.012966
2 0.355451 0.150459 0.121869 0.012426
2 0.146919 0.150459 0.113744 0.012426
2 0.074475 0.150459 0.024374 0.012426
2 0.807719 0.149108 0.132701 0.011885
2 0.600203 0.149108 0.119838 0.011885
2 0.526405 0.149108 0.020988 0.011885