0 0.240816 0.868823 0.003401 0.015792
0 0.304422 0.853031 0.054422 0.047376
0 0.056633 0.777381 0.010544 0.006113
0 0.378402 0.649261 0.032993 0.016811
0 0.847619 0.649261 0.070068 0.022924
0 0.573639 0.628629 0.066327 0.064187
0 0.707823 0.574885 0.106802 0.171676
0 0.453572 0.481406 0.033673 0.029546
0 0.056633 0.468670 0.010544 0.004075
0 0.193027 0.671421 0.283333 0.410596
0 0.383503 0.512991 0.043877 0.099847
0 0.545578 0.411106 0.010204 0.001019
0 0.056633 0.412633 0.010544 0.004075
0 0.465136 0.411615 0.010544 0.005094
0 0.344728 0.384615 0.026870 0.022415
0 0.569218 0.442181 0.115306 0.202751
0 0.146599 0.328069 0.100680 0.049924
0 0.629422 0.322211 0.088776 0.067754
0 0.102211 0.290117 0.010544 0.003566
0 0.378572 0.341314 0.183673 0.143658
0 0.102211 0.247326 0.010544 0.030056
0 0.059184 0.289863 0.015646 0.135507
0 0.813095 0.399643 0.139116 0.401936
0 0.848809 0.147224 0.067687 0.030565
0 0.719048 0.233826 0.083673 0.203770
0 0.604932 0.185430 0.039796 0.106979
0 0.342006 0.160214 0.107823 0.056546
0 0.226361 0.242486 0.094217 0.221090
0 0.117177 0.171166 0.039796 0.078451
1 0.056633 0.804890 0.010544 0.047885
1 0.326360 0.767448 0.010545 0.122771
1 0.348129 0.649771 0.026871 0.015792
1 0.843197 0.619206 0.004082 0.036169
1 0.262245 0.569027 0.004762 0.041772
1 0.737415 0.492104 0.026530 0.006113
1 0.640647 0.492104 0.026871 0.006113
1 0.421088 0.488283 0.030613 0.015792
1 0.348129 0.483953 0.026190 0.007132
1 0.293708 0.483953 0.027551 0.007132
1 0.229251 0.483953 0.027211 0.007132
1 0.766667 0.435813 0.004081 0.041263
1 0.387585 0.438105 0.004422 0.048904
1 0.545578 0.386144 0.010204 0.047886
1 0.216837 0.349465 0.039116 0.007132
1 0.081632 0.345135 0.028571 0.015792
1 0.729762 0.332654 0.026870 0.006113
1 0.688435 0.332654 0.028571 0.006113
1 0.270578 0.329088 0.031633 0.007132
1 0.840476 0.177025 0.004082 0.042282
2 0.259864 0.868823 0.034014 0.015792
2 0.221599 0.868823 0.034354 0.015792
2 0.056633 0.748090 0.010544 0.051452
2 0.786905 0.653082 0.050680 0.015282
2 0.632993 0.653082 0.051701 0.015282
2 0.877551 0.617677 0.010204 0.052470
2 0.389626 0.601884 0.010544 0.076923
2 0.545578 0.570045 0.010204 0.051961
2 0.056633 0.497198 0.010544 0.051961
2 0.056633 0.440652 0.010544 0.050942
2 0.465136 0.440397 0.010544 0.051452
2 0.545578 0.440906 0.010204 0.057565
2 0.056633 0.384106 0.010544 0.051962
2 0.465136 0.382578 0.010544 0.051961
2 0.569898 0.348446 0.029592 0.015283
2 0.102211 0.303362 0.010544 0.021905
2 0.590306 0.263627 0.010544 0.048396
2 0.102211 0.262609 0.010544 0.050433
2 0.102551 0.221345 0.010544 0.020886
2 0.390646 0.228986 0.010544 0.079980
2 0.877551 0.190016 0.010204 0.053999
2 0.787925 0.139582 0.053402 0.015283
2 0.651021 0.139582 0.051701 0.015283
2 0.280782 0.139837 0.013945 0.015792
2 0.158164 0.139837 0.041497 0.015792