0 0.626262 0.942802 0.032323 0.046317
0 0.701010 0.826451 0.212122 0.279018
0 0.477273 0.738840 0.075758 0.137277
0 0.657071 0.223214 0.011111 0.017857
0 0.530303 0.335101 0.080808 0.241629
0 0.772222 0.414062 0.297980 0.786831
0 0.335353 0.414062 0.347475 0.786831
1 0.616667 0.896485 0.013131 0.045201
1 0.554545 0.797712 0.080808 0.019532
1 0.555051 0.695592 0.077777 0.007255
1 0.698485 0.666853 0.013132 0.039063
1 0.752020 0.635324 0.069697 0.007255
1 0.502525 0.639230 0.013131 0.060826
1 0.502525 0.478795 0.013131 0.044643
1 0.611111 0.223214 0.078788 0.017857
2 0.665151 0.962333 0.043435 0.007255
2 0.841414 0.797712 0.066666 0.019532
2 0.351515 0.797712 0.173738 0.019532
2 0.760606 0.223214 0.193940 0.017857
2 0.388889 0.223214 0.200000 0.017857