0 0.170737 0.708540 0.051898 0.152930
0 0.375055 0.704568 0.036633 0.160874
0 0.288269 0.704071 0.057567 0.161867
0 0.458133 0.680238 0.188835 0.209533
0 0.624510 0.674280 0.114261 0.221450
0 0.714784 0.672790 0.095944 0.224429
0 0.609245 0.274330 0.040123 0.016385
0 0.549499 0.274330 0.006977 0.016385
0 0.469472 0.274330 0.005669 0.016385
0 0.389228 0.274330 0.005670 0.016385
0 0.308766 0.274330 0.005233 0.016385
0 0.227867 0.274330 0.008286 0.016385
0 0.214348 0.432721 0.139120 0.333168
0 0.865896 0.268371 0.121675 0.046177
0 0.905582 0.165095 0.042303 0.050149
0 0.720236 0.331430 0.257741 0.382820
1 0.336895 0.777805 0.038814 0.014399
1 0.672918 0.701588 0.007850 0.040715
1 0.709115 0.599057 0.033144 0.006455
1 0.649367 0.599057 0.034017 0.006455
1 0.280855 0.604022 0.006106 0.037240
1 0.366551 0.604271 0.005669 0.038729
1 0.177061 0.578947 0.031400 0.005959
1 0.570650 0.578699 0.035325 0.006455
1 0.280855 0.550894 0.006106 0.038232
1 0.594418 0.543198 0.006106 0.039722
1 0.755996 0.539721 0.013519 0.040715
1 0.787397 0.285998 0.034453 0.010924
1 0.571086 0.274330 0.035325 0.016385
1 0.205189 0.274330 0.036197 0.016385
1 0.866769 0.146475 0.034453 0.012909
2 0.714566 0.777805 0.064980 0.014399
2 0.537287 0.777805 0.059311 0.014399
2 0.426079 0.777805 0.064545 0.014399
2 0.228085 0.777805 0.061927 0.014399
2 0.150894 0.615690 0.012212 0.031778
2 0.660925 0.274330 0.062363 0.016385
2 0.509158 0.274330 0.072830 0.016385
2 0.429350 0.274330 0.073702 0.016385
2 0.348888 0.274330 0.074138 0.016385
2 0.269080 0.274330 0.073266 0.016385
2 0.921064 0.217726 0.011339 0.054121