0 0.652490 0.826639 0.392116 0.344043
0 0.201245 0.688085 0.402490 0.289157
0 0.839212 0.374163 0.018672 0.004016
0 0.558437 0.344043 0.804288 0.688086
0 0.159751 0.240294 0.319502 0.480589
1 0.429461 0.817938 0.052559 0.029451
1 0.474067 0.604418 0.007607 0.097724
1 0.315698 0.498661 0.007607 0.087015
1 0.474067 0.456492 0.007607 0.104417
1 0.839212 0.425034 0.018672 0.095047
1 0.315698 0.378849 0.007607 0.082999
1 0.401107 0.321955 0.052559 0.017403
2 0.839212 0.800536 0.018672 0.222223
2 0.008644 0.597724 0.017289 0.231593
2 0.839212 0.235610 0.018672 0.270415
2 0.092670 0.028112 0.125865 0.056225