0 0.389958 0.872263 0.010926 0.018654
0 0.328564 0.872263 0.008844 0.018654
0 0.871228 0.868208 0.007804 0.021898
0 0.789802 0.868208 0.016649 0.021898
0 0.714360 0.868208 0.021852 0.021898
0 0.950573 0.864558 0.018731 0.029198
0 0.436524 0.865369 0.011447 0.032442
0 0.280957 0.865369 0.010406 0.032442
0 0.660770 0.863747 0.015608 0.030820
0 0.391519 0.714923 0.010926 0.017032
0 0.331166 0.714923 0.011967 0.017032
0 0.188866 0.647202 0.011446 0.014598
0 0.475807 0.683698 0.098335 0.113544
0 0.952394 0.680454 0.015089 0.120032
0 0.260146 0.678427 0.079084 0.117599
0 0.131113 0.645580 0.085327 0.155718
0 0.627212 0.645174 0.073361 0.180859
0 0.795265 0.452960 0.039022 0.013787
0 0.907648 0.415652 0.104579 0.210057
0 0.200053 0.433496 0.223205 0.296026
0 0.901665 0.136253 0.116546 0.145986
0 0.673777 0.266018 0.202914 0.405515
0 0.454734 0.306974 0.183143 0.487429
0 0.287981 0.199107 0.106660 0.271695
0 0.131894 0.143147 0.086888 0.159773
1 0.358741 0.872263 0.050468 0.018654
1 0.753381 0.868208 0.055151 0.021898
1 0.361602 0.714923 0.047867 0.017032
1 0.190167 0.610706 0.008845 0.056772
1 0.124350 0.575021 0.039542 0.012977
1 0.436524 0.588807 0.010405 0.074615
1 0.294224 0.583130 0.008845 0.071371
1 0.390999 0.541768 0.035900 0.011354
1 0.659470 0.511760 0.008845 0.084347
1 0.748960 0.452960 0.052549 0.013787
1 0.337409 0.432685 0.050468 0.013787
1 0.582726 0.369424 0.071800 0.013788
1 0.141259 0.254663 0.007804 0.061639
1 0.094433 0.253041 0.011966 0.063261
2 0.413112 0.872263 0.034339 0.018654
2 0.305151 0.872263 0.036940 0.018654
2 0.908169 0.868208 0.065037 0.021898
2 0.832726 0.868208 0.068158 0.021898
2 0.686005 0.868208 0.033819 0.021898
2 0.952394 0.795214 0.015089 0.107867
2 0.436264 0.794809 0.011967 0.107056
2 0.280697 0.793187 0.009886 0.110300
2 0.658429 0.791971 0.010926 0.111111
2 0.557752 0.714923 0.064516 0.017032
2 0.411811 0.714923 0.028616 0.017032
2 0.312435 0.714923 0.024454 0.017032
2 0.194329 0.714923 0.051509 0.017032
2 0.177419 0.670722 0.024974 0.047040
2 0.952394 0.570559 0.015089 0.098135
2 0.094433 0.518653 0.011966 0.096513
2 0.952394 0.259935 0.015089 0.099756
2 0.809313 0.077453 0.067118 0.028386
2 0.538501 0.072993 0.066597 0.019465
2 0.376170 0.072993 0.068679 0.019465
2 0.204994 0.072993 0.058273 0.019465