0 0.836011 0.719580 0.025520 0.026573
0 0.203450 0.794871 0.040170 0.336597
0 0.281191 0.790443 0.024574 0.346387
0 0.665879 0.632867 0.181474 0.200000
0 0.310964 0.489976 0.069944 0.007459
0 0.779064 0.539161 0.139414 0.246620
0 0.343573 0.565967 0.136106 0.314219
0 0.400048 0.356643 0.023157 0.027972
0 0.268195 0.302797 0.004253 0.113287
0 0.160444 0.180420 0.001418 0.020513
0 0.675804 0.229137 0.066163 0.119813
0 0.253781 0.175990 0.027410 0.029371
0 0.400048 0.196503 0.023157 0.100233
0 0.577268 0.431469 0.109169 0.602797
0 0.139178 0.424009 0.102552 0.598135
0 0.800331 0.214918 0.096881 0.320746
0 0.692344 0.075291 0.025520 0.041492
0 0.534026 0.065034 0.022685 0.020979
0 0.099480 0.060839 0.023157 0.019114
0 0.375000 0.062238 0.073252 0.022844
0 0.255908 0.069464 0.023157 0.037296
1 0.246219 0.711655 0.044423 0.022844
1 0.246219 0.629138 0.044423 0.005129
1 0.161153 0.629138 0.043478 0.005129
1 0.556474 0.622610 0.036389 0.010723
1 0.278119 0.595105 0.004254 0.043356
1 0.686200 0.545454 0.045369 0.007459
1 0.727079 0.523311 0.004253 0.030303
1 0.278119 0.512587 0.004254 0.036830
1 0.628072 0.510490 0.006616 0.043823
1 0.282136 0.467832 0.004726 0.035898
1 0.577268 0.348019 0.042061 0.005128
1 0.648865 0.315151 0.042533 0.057809
1 0.730387 0.284615 0.042061 0.005128
1 0.576087 0.187646 0.043478 0.018182
1 0.138705 0.180420 0.041116 0.020513
1 0.692107 0.148718 0.025047 0.040094
1 0.255908 0.142191 0.023157 0.037296
2 0.789934 0.720047 0.065690 0.025641
2 0.580104 0.718881 0.074196 0.027972
2 0.316163 0.711655 0.044423 0.022844
2 0.164461 0.711655 0.044423 0.022844
2 0.836248 0.684383 0.025047 0.042891
2 0.836248 0.395571 0.025047 0.039627
2 0.400048 0.389744 0.023157 0.037296
2 0.400048 0.294639 0.023157 0.095105
2 0.620983 0.187646 0.042534 0.018182
2 0.200615 0.180420 0.077977 0.020513
2 0.692107 0.112121 0.025047 0.031236
2 0.255908 0.105361 0.023157 0.033567
2 0.534026 0.102797 0.022685 0.053613
2 0.400048 0.109790 0.023157 0.072261
2 0.099480 0.097669 0.023157 0.053614
2 0.741494 0.066900 0.071833 0.024709
2 0.612477 0.058042 0.133271 0.006993
2 0.302457 0.062238 0.070889 0.022844
2 0.177457 0.054545 0.132797 0.007459