0 0.738439 0.772823 0.267630 0.169851
0 0.916185 0.696391 0.072832 0.148620
0 0.728324 0.532378 0.257803 0.153928
0 0.319653 0.632165 0.476300 0.451167
0 0.925434 0.434183 0.054335 0.116773
0 0.517052 0.216561 0.871098 0.305733
1 0.581214 0.851911 0.045664 0.011677
1 0.672543 0.648620 0.006359 0.076434
1 0.877746 0.463906 0.039885 0.010615
1 0.411272 0.414013 0.006359 0.087049
1 0.602601 0.411890 0.006358 0.084925
1 0.473121 0.359341 0.034104 0.011677
1 0.602601 0.213376 0.006358 0.067940
2 0.875722 0.776008 0.042775 0.080679
2 0.932370 0.557325 0.040462 0.127388
2 0.932370 0.298301 0.040462 0.152867
2 0.098844 0.302017 0.034682 0.207006