0 0.638509 0.829484 0.669630 0.280985
0 0.322161 0.757506 0.054719 0.140108
0 0.802667 0.714395 0.052667 0.064665
0 0.817716 0.545805 0.022571 0.003079
0 0.128591 0.541570 0.001368 0.008468
0 0.817716 0.397999 0.022571 0.027713
0 0.661081 0.396844 0.004788 0.025404
0 0.507866 0.396844 0.015732 0.025404
0 0.386115 0.396844 0.015732 0.025404
0 0.301984 0.396844 0.052667 0.025404
0 0.311559 0.190531 0.022571 0.023864
0 0.145691 0.566204 0.191518 0.778291
0 0.968536 0.028868 0.009576 0.011547
0 0.053694 0.028098 0.007524 0.010007
1 0.272572 0.948806 0.060876 0.013087
1 0.199726 0.730177 0.006840 0.060816
1 0.744870 0.693995 0.061560 0.010007
1 0.156977 0.541570 0.054036 0.008468
1 0.245212 0.404927 0.059508 0.009238
1 0.446990 0.396844 0.104651 0.025404
2 0.817716 0.824865 0.022571 0.154734
2 0.817716 0.614704 0.022571 0.133179
2 0.099521 0.541570 0.055404 0.008468
2 0.817716 0.478060 0.022571 0.130870
2 0.735294 0.396844 0.142271 0.025404
2 0.587209 0.396844 0.141587 0.025404
2 0.353283 0.396844 0.048564 0.025404
2 0.311559 0.293303 0.022571 0.180139
2 0.245212 0.190146 0.111492 0.023095
2 0.968878 0.496151 0.008892 0.921478
2 0.506498 0.099692 0.913132 0.153194