0 0.404481 0.874559 0.039385 0.194503
0 0.329334 0.829809 0.027615 0.105003
0 0.663422 0.802678 0.101856 0.342494
0 0.315527 0.550740 0.038931 0.079634
0 0.748981 0.529598 0.111815 0.708245
0 0.659122 0.348132 0.148484 0.345313
0 0.579674 0.529598 0.100046 0.708245
0 0.422363 0.184285 0.014486 0.020437
0 0.370982 0.184285 0.013128 0.020437
0 0.288139 0.528188 0.093707 0.708245
0 0.450657 0.457716 0.128113 0.849189
0 0.131734 0.283651 0.085106 0.502467
1 0.681078 0.873150 0.038479 0.021142
1 0.363286 0.871388 0.042101 0.021846
1 0.364418 0.782593 0.041648 0.007752
1 0.389543 0.747357 0.005885 0.058492
1 0.332730 0.747357 0.004527 0.058492
1 0.678588 0.618041 0.032594 0.039464
1 0.332730 0.613460 0.004527 0.044398
1 0.642146 0.613108 0.030330 0.046512
1 0.710050 0.550388 0.004980 0.057787
1 0.733137 0.296688 0.037574 0.009866
1 0.396333 0.184285 0.036668 0.020437
1 0.171345 0.107470 0.005885 0.061310
2 0.742417 0.873150 0.055229 0.021142
2 0.584654 0.873150 0.054776 0.021142
2 0.452014 0.871388 0.054775 0.021846
2 0.306021 0.871388 0.018108 0.021846
2 0.748303 0.186399 0.028973 0.021846
2 0.612494 0.186399 0.083295 0.021846
2 0.455184 0.184285 0.050249 0.020437
2 0.323223 0.184285 0.081485 0.020437