0 0.222581 0.864576 0.042183 0.051318
0 0.666253 0.791875 0.013400 0.027085
0 0.566998 0.790806 0.014393 0.029223
0 0.712655 0.729508 0.060546 0.069138
0 0.511414 0.696009 0.082879 0.147541
0 0.865757 0.657520 0.113648 0.211689
0 0.582879 0.539558 0.154343 0.051318
0 0.393052 0.641482 0.052606 0.258019
0 0.769231 0.526728 0.106204 0.206700
0 0.810422 0.246615 0.007940 0.022809
0 0.727295 0.225232 0.066997 0.065574
0 0.498263 0.313258 0.122084 0.247327
0 0.431762 0.204206 0.033747 0.029223
0 0.178412 0.201711 0.001489 0.024234
0 0.219355 0.539914 0.343424 0.700641
0 0.678660 0.160371 0.012407 0.022808
0 0.573201 0.160371 0.011910 0.022808
0 0.892556 0.308981 0.060050 0.321454
1 0.145906 0.879544 0.110174 0.021383
1 0.236228 0.807555 0.014888 0.061297
1 0.444665 0.749109 0.049628 0.022808
1 0.444665 0.670705 0.049628 0.008553
1 0.719106 0.662509 0.005955 0.063436
1 0.840943 0.614042 0.042184 0.007841
1 0.814889 0.495367 0.005955 0.051318
1 0.842432 0.461511 0.039206 0.009266
1 0.383127 0.477549 0.005955 0.068425
1 0.476179 0.432288 0.040199 0.009266
1 0.414144 0.432288 0.045162 0.009266
1 0.719851 0.340342 0.007444 0.164647
1 0.783622 0.246615 0.044665 0.022809
1 0.444168 0.249466 0.005955 0.059871
1 0.201985 0.201711 0.044665 0.024234
2 0.616874 0.793300 0.084367 0.024234
2 0.677668 0.772630 0.033251 0.049893
2 0.556079 0.770135 0.032258 0.047755
2 0.775930 0.751960 0.065013 0.022808
2 0.326055 0.749109 0.080397 0.022808
2 0.912903 0.510691 0.019355 0.080541
2 0.055583 0.492159 0.015881 0.083393
2 0.847146 0.246615 0.064516 0.022809
2 0.461787 0.201711 0.025310 0.024234
2 0.374938 0.201711 0.078908 0.024234
2 0.160794 0.201711 0.032754 0.024234
2 0.689578 0.182110 0.032258 0.049180
2 0.563276 0.180684 0.030769 0.046329
2 0.625806 0.160371 0.092307 0.022808