0 0.625090 0.891091 0.002867 0.011407
0 0.797491 0.839761 0.179928 0.137968
0 0.433692 0.838132 0.339785 0.139055
0 0.285663 0.750136 0.015054 0.001086
0 0.867025 0.709125 0.015054 0.003803
0 0.084588 0.573330 0.133333 0.053775
0 0.039785 0.482074 0.015054 0.005975
0 0.221864 0.502988 0.013620 0.089083
0 0.258064 0.571700 0.088889 0.234112
0 0.867025 0.450570 0.015054 0.037479
0 0.044444 0.403313 0.024373 0.030961
0 0.675986 0.536937 0.430107 0.310157
0 0.039785 0.323466 0.015054 0.003803
0 0.732617 0.341119 0.309677 0.094514
0 0.867025 0.232211 0.015054 0.002716
0 0.228674 0.220803 0.004301 0.011407
0 0.147671 0.220803 0.004301 0.011407
0 0.040143 0.231939 0.045878 0.056491
0 0.376702 0.168658 0.002151 0.011407
0 0.673118 0.234384 0.428674 0.164585
0 0.302150 0.279467 0.362007 0.254753
1 0.182437 0.584194 0.060932 0.011407
1 0.715412 0.544813 0.008602 0.035850
1 0.567742 0.479630 0.041577 0.007605
1 0.285663 0.430744 0.015054 0.046714
1 0.088889 0.397881 0.063082 0.011407
1 0.867025 0.410103 0.015054 0.042368
1 0.715412 0.406030 0.008602 0.037479
1 0.558064 0.375611 0.046595 0.023357
1 0.500359 0.323737 0.050179 0.031504
1 0.608961 0.320207 0.048029 0.040739
2 0.667025 0.891091 0.079570 0.011407
2 0.613620 0.891091 0.018638 0.011407
2 0.285663 0.759641 0.015054 0.016839
2 0.867025 0.740902 0.015054 0.058664
2 0.867025 0.699620 0.015054 0.014123
2 0.285663 0.719174 0.015054 0.059750
2 0.039785 0.515753 0.015054 0.060293
2 0.867025 0.492939 0.015054 0.046171
2 0.039785 0.448941 0.015054 0.059207
2 0.039785 0.356600 0.015054 0.061380
2 0.039785 0.290875 0.015054 0.060293
2 0.867025 0.263715 0.015054 0.059207
2 0.867025 0.222705 0.015054 0.015210
2 0.240501 0.220803 0.017921 0.011407
2 0.188172 0.220803 0.075268 0.011407
2 0.104301 0.220803 0.081004 0.011407
2 0.418280 0.168658 0.079570 0.011407
2 0.364874 0.168658 0.020071 0.011407