0 0.560625 0.778537 0.112845 0.185919
0 0.309724 0.767942 0.165666 0.207109
0 0.591236 0.477443 0.116447 0.079973
0 0.547419 0.176350 0.009604 0.028708
0 0.418368 0.246754 0.042017 0.169515
0 0.738895 0.437457 0.411765 0.868079
0 0.260504 0.437457 0.333734 0.868079
1 0.448380 0.857484 0.109243 0.028025
1 0.177671 0.739576 0.096038 0.008202
1 0.539616 0.657211 0.013205 0.055366
1 0.382953 0.636705 0.014406 0.053999
1 0.309123 0.461039 0.018007 0.053998
1 0.420168 0.360561 0.014406 0.056733
1 0.490997 0.176350 0.100841 0.028708
2 0.700480 0.857484 0.164466 0.028025
2 0.223289 0.857484 0.055222 0.028025
2 0.653061 0.176350 0.199280 0.028708
2 0.313926 0.176350 0.164465 0.028708