0 0.594097 0.696049 0.071001 0.175076
0 0.411035 0.690578 0.120616 0.186019
0 0.769034 0.734954 0.119761 0.277203
0 0.860992 0.470517 0.192472 0.626140
0 0.626604 0.168997 0.004278 0.023100
0 0.539349 0.168997 0.007699 0.023100
0 0.409752 0.267782 0.109496 0.220669
0 0.362703 0.540121 0.453379 0.765349
0 0.609923 0.224317 0.367836 0.357447
1 0.669376 0.772037 0.077845 0.023101
1 0.822070 0.666262 0.068434 0.014589
1 0.411035 0.572644 0.011120 0.048632
1 0.773738 0.571429 0.011121 0.048633
1 0.152267 0.478419 0.032506 0.047417
1 0.333619 0.436171 0.059881 0.006687
1 0.757913 0.424316 0.035928 0.047416
1 0.411035 0.402127 0.011120 0.046809
1 0.500000 0.168997 0.069290 0.023100
2 0.856287 0.772037 0.053037 0.023101
2 0.514970 0.772037 0.085544 0.023101
2 0.298118 0.772037 0.103508 0.023101
2 0.837468 0.168997 0.085544 0.023100
2 0.669376 0.168997 0.079555 0.023100
2 0.583832 0.168997 0.079555 0.023100
2 0.302823 0.168997 0.102652 0.023100