0 0.801654 0.752070 0.080307 0.143567
0 0.913237 0.736333 0.095239 0.175041
0 0.277845 0.652402 0.026230 0.007178
0 0.175949 0.709829 0.094431 0.226946
0 0.052461 0.696300 0.053269 0.254003
0 0.912026 0.578134 0.097660 0.041966
0 0.336965 0.532855 0.016142 0.004418
0 0.723365 0.675593 0.165859 0.296521
0 0.912026 0.516289 0.097660 0.030922
0 0.417071 0.695196 0.304681 0.425180
0 0.336965 0.398951 0.016142 0.165102
0 0.144875 0.357261 0.005650 0.171176
0 0.930993 0.343457 0.059726 0.273882
0 0.757062 0.215903 0.004036 0.018774
0 0.330105 0.226946 0.029862 0.040861
0 0.201978 0.216731 0.021389 0.020430
0 0.142252 0.216731 0.026231 0.020430
0 0.047821 0.334898 0.042373 0.256764
0 0.766949 0.294589 0.251412 0.466593
1 0.243140 0.813087 0.039145 0.020431
1 0.848265 0.710933 0.033898 0.007178
1 0.803470 0.656543 0.005649 0.046383
1 0.208636 0.652402 0.004842 0.045832
1 0.098265 0.599669 0.060129 0.006626
1 0.336965 0.561568 0.016142 0.051905
1 0.803470 0.551629 0.005649 0.046384
1 0.566788 0.550249 0.005246 0.045831
1 0.865819 0.545831 0.005246 0.046936
1 0.865819 0.476809 0.005246 0.046935
1 0.831114 0.414964 0.035109 0.007178
1 0.885593 0.332689 0.030266 0.012700
1 0.776231 0.215903 0.033495 0.018774
1 0.173325 0.216731 0.035109 0.020430
2 0.854116 0.814191 0.023810 0.019326
2 0.728007 0.814191 0.066183 0.019326
2 0.271994 0.813087 0.016142 0.020431
2 0.104117 0.813087 0.049233 0.020431
2 0.951776 0.651574 0.018160 0.103810
2 0.953390 0.544451 0.014932 0.024296
2 0.336965 0.506074 0.016142 0.048040
2 0.953390 0.493374 0.014932 0.024848
2 0.648103 0.515737 0.014528 0.103810
2 0.034100 0.516290 0.015738 0.104915
2 0.336965 0.281888 0.016142 0.067919
2 0.911623 0.219216 0.037127 0.025400
2 0.725383 0.215903 0.058515 0.018774
2 0.289952 0.216731 0.049637 0.020430
2 0.238700 0.216731 0.051251 0.020430
2 0.099072 0.216731 0.059322 0.020430