0 0.549128 0.670095 0.019810 0.045886
0 0.372821 0.670095 0.021394 0.045886
0 0.240690 0.670095 0.001981 0.045886
0 0.459786 0.648339 0.018622 0.089399
0 0.750991 0.633703 0.249207 0.118671
0 0.411847 0.413370 0.103407 0.190665
0 0.521791 0.475079 0.847068 0.763450
1 0.148574 0.675633 0.035658 0.017405
1 0.223851 0.670095 0.030904 0.045886
1 0.896197 0.636076 0.040413 0.028481
1 0.163035 0.564082 0.036054 0.011076
1 0.459588 0.556171 0.007924 0.093354
1 0.891641 0.510285 0.033677 0.015823
1 0.344295 0.325950 0.030903 0.015823
1 0.828051 0.273734 0.007924 0.063291
1 0.286846 0.243671 0.007924 0.063291
2 0.592710 0.670095 0.066561 0.045886
2 0.504160 0.670095 0.069334 0.045886
2 0.416996 0.670095 0.066165 0.045886
2 0.329635 0.670095 0.064183 0.045886
2 0.258122 0.670095 0.032092 0.045886