0 0.220447 0.859125 0.369010 0.072572
0 0.217252 0.620598 0.362620 0.376734
0 0.843849 0.334045 0.016773 0.006404
0 0.043929 0.345785 0.015975 0.087513
0 0.507189 0.458378 0.942493 0.874066
1 0.426917 0.884205 0.042332 0.022412
1 0.394968 0.837247 0.007188 0.054429
1 0.394968 0.717183 0.007188 0.055497
1 0.843849 0.366062 0.016773 0.055496
1 0.534744 0.347386 0.007189 0.065101
1 0.364617 0.255603 0.042333 0.009606
1 0.420527 0.154749 0.007188 0.055496
2 0.043929 0.743864 0.015975 0.155817
2 0.043929 0.468517 0.015975 0.155817
2 0.043929 0.220918 0.015975 0.160086
2 0.843849 0.224653 0.016773 0.210246