0 0.581308 0.885453 0.128972 0.114300
0 0.411683 0.883474 0.088785 0.118259
0 0.587383 0.401782 0.118692 0.170213
0 0.452337 0.322860 0.024299 0.012370
0 0.528972 0.515092 0.822430 0.855023
1 0.487383 0.936418 0.060748 0.012370
1 0.484112 0.863929 0.063552 0.005938
1 0.553272 0.807521 0.011215 0.040574
1 0.553272 0.733796 0.011215 0.032657
1 0.753271 0.656605 0.011215 0.034637
1 0.553272 0.637308 0.011215 0.035626
1 0.831776 0.554676 0.063551 0.005938
1 0.553272 0.510390 0.011215 0.046017
1 0.496262 0.322860 0.061682 0.012370
2 0.722897 0.936418 0.152336 0.012370
2 0.290654 0.936418 0.151402 0.012370
2 0.724767 0.322860 0.154205 0.012370
2 0.321028 0.322860 0.236448 0.012370