0 0.830227 0.739600 0.326580 0.207987
0 0.357780 0.677204 0.522691 0.332779
0 0.837521 0.465058 0.311993 0.194676
0 0.106564 0.242929 0.020260 0.019967
0 0.504052 0.231281 0.978930 0.339434
1 0.645867 0.822796 0.051864 0.041597
1 0.640194 0.663893 0.051863 0.019967
1 0.553079 0.663893 0.033225 0.019967
1 0.686386 0.582363 0.009724 0.103161
1 0.527147 0.470882 0.007293 0.143095
1 0.686386 0.406822 0.009724 0.101498
1 0.600892 0.329451 0.049433 0.019966
1 0.686386 0.222962 0.009724 0.126456
1 0.106564 0.178868 0.020260 0.104825
2 0.983387 0.644759 0.020259 0.161398
2 0.106564 0.381864 0.020260 0.254575
2 0.983387 0.259568 0.020259 0.212979