0 0.823057 0.889868 0.321791 0.116300
0 0.825592 0.662114 0.316723 0.173569
0 0.141047 0.339207 0.016892 0.005286
0 0.763936 0.387665 0.193412 0.209692
0 0.975507 0.342732 0.016892 0.162115
0 0.504645 0.482820 0.958615 0.930397
1 0.621199 0.939207 0.080237 0.017622
1 0.673565 0.790309 0.012669 0.081057
1 0.536739 0.595155 0.012669 0.066079
1 0.673565 0.533921 0.012669 0.081057
1 0.141047 0.379295 0.016892 0.073128
1 0.765203 0.300440 0.055743 0.010573
1 0.673565 0.244934 0.012669 0.074008
2 0.975507 0.824229 0.016892 0.157710
2 0.975507 0.503084 0.016892 0.156828
2 0.975507 0.183260 0.016892 0.155066
2 0.141047 0.189868 0.016892 0.291630