0 0.497878 0.843622 0.033422 0.028061
0 0.423608 0.843622 0.016445 0.028061
0 0.333952 0.843622 0.016446 0.028061
0 0.149867 0.812755 0.036605 0.089796
0 0.229709 0.755102 0.091247 0.205102
0 0.302652 0.656378 0.552255 0.402551
0 0.815384 0.405102 0.114589 0.031632
0 0.506101 0.219133 0.966578 0.403571
1 0.540053 0.843622 0.049868 0.028061
1 0.378780 0.843622 0.072148 0.028061
1 0.106897 0.843622 0.048275 0.028061
1 0.167639 0.560969 0.006366 0.035204
1 0.261273 0.203062 0.014324 0.047959
1 0.496286 0.159693 0.016445 0.032653
2 0.456499 0.843622 0.048276 0.028061
2 0.300531 0.843622 0.049337 0.028061
2 0.195491 0.843622 0.053581 0.028061
2 0.903449 0.405102 0.060477 0.031632
2 0.728117 0.405102 0.058886 0.031632