0 0.550318 0.904073 0.151483 0.103167
0 0.337394 0.867873 0.079450 0.175566
0 0.365466 0.446154 0.010594 0.137556
0 0.488348 0.168778 0.004237 0.026244
0 0.349047 0.168778 0.106991 0.026244
0 0.738877 0.513122 0.479873 0.885068
0 0.193327 0.486426 0.354873 0.938461
1 0.425848 0.941176 0.095339 0.028959
1 0.425848 0.860634 0.095339 0.009049
1 0.568856 0.814933 0.010594 0.073303
1 0.365466 0.743892 0.010594 0.070589
1 0.867055 0.631674 0.064618 0.009050
1 0.504238 0.593665 0.010593 0.063348
1 0.365466 0.547964 0.010594 0.064253
1 0.444385 0.168778 0.081567 0.026244
2 0.724576 0.941176 0.194915 0.028959
2 0.217161 0.941176 0.158898 0.028959
2 0.667903 0.168778 0.352755 0.026244
2 0.199153 0.168778 0.190678 0.026244