0 0.305304 0.691962 0.095730 0.093144
0 0.490298 0.637115 0.043985 0.202837
0 0.576326 0.275650 0.040104 0.011348
0 0.430789 0.369503 0.043984 0.199055
0 0.192756 0.501418 0.294955 0.931915
0 0.740621 0.369504 0.391980 0.738061
1 0.219276 0.805674 0.097025 0.002837
1 0.412678 0.732151 0.116430 0.012766
1 0.410737 0.648700 0.112549 0.004728
1 0.213454 0.649645 0.085382 0.006619
1 0.269081 0.631442 0.012937 0.026950
1 0.540104 0.538061 0.102199 0.004729
1 0.269081 0.507802 0.012937 0.027423
1 0.600905 0.506147 0.009055 0.027896
1 0.498059 0.466903 0.090557 0.004256
1 0.386805 0.466903 0.090556 0.004256
1 0.504528 0.275650 0.100906 0.011348
2 0.646184 0.732151 0.265201 0.012766
2 0.227685 0.729078 0.072445 0.018912
2 0.691461 0.275650 0.187581 0.011348
2 0.333765 0.275650 0.147477 0.011348
2 0.202458 0.275650 0.107374 0.011348