0 0.869172 0.623402 0.029496 0.019666
0 0.738344 0.625369 0.011417 0.027532
0 0.819695 0.576205 0.012369 0.033431
0 0.842055 0.482301 0.232160 0.758112
0 0.798288 0.120453 0.009515 0.034415
0 0.670314 0.120453 0.008564 0.034415
0 0.526641 0.120453 0.035205 0.034415
0 0.382017 0.120453 0.008564 0.034415
0 0.253092 0.120453 0.009515 0.034415
0 0.357278 0.482301 0.524263 0.758112
1 0.672693 0.848575 0.104662 0.025565
1 0.738344 0.672566 0.011417 0.064897
1 0.840152 0.604228 0.041865 0.040314
2 0.896289 0.624877 0.022835 0.016716
2 0.738344 0.590462 0.011417 0.040314
2 0.819220 0.547198 0.011418 0.022615
2 0.862988 0.120453 0.117983 0.034415
2 0.734063 0.120453 0.117031 0.034415
2 0.605138 0.120453 0.119886 0.034415
2 0.447669 0.120453 0.120838 0.034415
2 0.317793 0.120453 0.117983 0.034415
2 0.189343 0.120453 0.116079 0.034415