0 0.792092 0.855245 0.297205 0.047809
0 0.233811 0.477424 0.025903 0.030545
0 0.822086 0.559097 0.237219 0.385126
0 0.356851 0.610890 0.477846 0.536521
0 0.580777 0.188579 0.719836 0.377158
1 0.619632 0.864542 0.046353 0.029216
1 0.706884 0.796148 0.006817 0.086321
1 0.706884 0.424967 0.006817 0.092962
1 0.228357 0.415670 0.014996 0.090305
1 0.582140 0.359894 0.046353 0.013280
2 0.933197 0.714476 0.014996 0.231075
2 0.228357 0.669323 0.014996 0.350598
2 0.933197 0.246348 0.014996 0.237716
2 0.228357 0.206507 0.014996 0.269588