0 0.308677 0.796875 0.490754 0.226326
0 0.936700 0.706913 0.017070 0.065341
0 0.782362 0.763258 0.325747 0.293561
0 0.841394 0.450284 0.207682 0.171402
0 0.143315 0.329072 0.016359 0.002840
0 0.485064 0.361743 0.920342 0.573863
1 0.586771 0.903409 0.064012 0.013258
1 0.503912 0.686553 0.006401 0.073864
1 0.658961 0.647253 0.049075 0.008523
1 0.745732 0.576231 0.006401 0.078598
1 0.707326 0.455492 0.059033 0.011363
1 0.641181 0.455492 0.043385 0.011363
1 0.539829 0.455492 0.059744 0.011363
1 0.143315 0.368845 0.016359 0.074811
1 0.667852 0.227273 0.007112 0.066288
2 0.936700 0.798296 0.017070 0.115531
2 0.071124 0.600852 0.015647 0.163826
2 0.936700 0.589962 0.017070 0.166666
2 0.936700 0.268466 0.017070 0.190341
2 0.143315 0.227747 0.016359 0.197917