0 0.378242 0.838008 0.142652 0.276753
0 0.560518 0.279705 0.121037 0.221402
0 0.069164 0.516236 0.121037 0.694465
0 0.751441 0.497786 0.453890 0.970480
0 0.345101 0.101476 0.038905 0.179336
1 0.517291 0.852768 0.132564 0.021403
1 0.610231 0.755720 0.015851 0.059041
1 0.776657 0.643911 0.115274 0.008118
1 0.783141 0.458672 0.327089 0.006642
1 0.532421 0.421034 0.015850 0.059779
1 0.432276 0.180074 0.132565 0.022140
2 0.218300 0.852768 0.174352 0.021403
2 0.724063 0.180074 0.203170 0.022140
2 0.201009 0.180074 0.257925 0.022140