0 0.197309 0.755221 0.299807 0.283063
0 0.623959 0.682715 0.449712 0.370069
0 0.188981 0.512761 0.283151 0.143852
0 0.507047 0.348607 0.919282 0.511601
1 0.373159 0.856729 0.050609 0.022041
1 0.327354 0.571346 0.006406 0.082367
1 0.548366 0.562645 0.006407 0.071926
1 0.579116 0.506960 0.043562 0.018561
1 0.281230 0.458236 0.006406 0.081207
1 0.346253 0.373549 0.044203 0.011601
1 0.840807 0.386311 0.016016 0.097448
1 0.407110 0.256381 0.009609 0.071925
2 0.840807 0.696635 0.016016 0.182135
2 0.054453 0.674014 0.014093 0.176334
2 0.054453 0.375290 0.014093 0.128770
2 0.840807 0.250000 0.016016 0.170534