0 0.771834 0.934545 0.067669 0.008651
0 0.661365 0.630046 0.014460 0.062860
0 0.676403 0.545559 0.044535 0.046136
0 0.151533 0.408593 0.002313 0.008650
0 0.518219 0.395041 0.056680 0.035755
0 0.626085 0.399654 0.073453 0.055364
0 0.458357 0.324971 0.120879 0.175894
0 0.296992 0.324971 0.097745 0.175894
0 0.042510 0.346021 0.022556 0.220300
0 0.817235 0.555075 0.326200 0.767590
0 0.088202 0.141004 0.113939 0.120531
0 0.733372 0.151096 0.220937 0.288351
0 0.562464 0.093425 0.049162 0.173011
0 0.446501 0.093425 0.121458 0.173011
0 0.235975 0.093425 0.104107 0.173011
0 0.088202 0.027681 0.113939 0.041523
1 0.718334 0.934545 0.038172 0.008651
1 0.685078 0.641292 0.031810 0.008074
1 0.748988 0.565744 0.008097 0.031142
1 0.875073 0.555075 0.008097 0.031718
1 0.721804 0.532872 0.045113 0.008074
1 0.567959 0.408593 0.041643 0.008650
1 0.899653 0.391580 0.037594 0.008074
1 0.514459 0.360726 0.008676 0.031719
1 0.810295 0.314303 0.008098 0.036909
1 0.658763 0.325548 0.008097 0.091696
1 0.371892 0.241349 0.050897 0.008651
1 0.602372 0.175894 0.039907 0.008074
1 0.527184 0.175894 0.038751 0.008074
1 0.164546 0.175894 0.037594 0.008074
1 0.862637 0.175605 0.036437 0.008651
1 0.134182 0.137255 0.008097 0.031142
1 0.134182 0.064014 0.008097 0.032295
2 0.864950 0.934545 0.117409 0.008651
2 0.658473 0.677048 0.008676 0.029989
2 0.658473 0.583622 0.008676 0.028835
2 0.658473 0.474913 0.008676 0.094003
2 0.476287 0.408593 0.026026 0.008650
2 0.371313 0.408593 0.096010 0.008650
2 0.200405 0.408593 0.094274 0.008650
2 0.102082 0.408593 0.095431 0.008650
2 0.035569 0.218569 0.008675 0.033449
2 0.035569 0.066032 0.008675 0.034025
2 0.636206 0.011245 0.097166 0.008651
2 0.490168 0.011245 0.094274 0.008651
2 0.336900 0.011245 0.096588 0.008651
2 0.193464 0.011245 0.095431 0.008651