0 0.482321 0.882713 0.105080 0.095213
0 0.359313 0.840691 0.020418 0.023937
0 0.733815 0.819947 0.038347 0.065426
0 0.270667 0.750532 0.026395 0.078724
0 0.061504 0.731383 0.044322 0.117022
0 0.819721 0.757713 0.096614 0.189894
0 0.675548 0.752660 0.108068 0.200000
0 0.224851 0.721277 0.113048 0.137234
0 0.363545 0.723936 0.070717 0.147872
0 0.859064 0.600532 0.017928 0.034042
0 0.124751 0.547606 0.170816 0.155851
0 0.942231 0.585372 0.005976 0.303723
0 0.635957 0.368617 0.074701 0.023404
0 0.423058 0.365425 0.015438 0.017021
0 0.316484 0.468351 0.112052 0.222872
0 0.196215 0.453191 0.047809 0.192553
0 0.062749 0.389628 0.046812 0.065425
0 0.751494 0.337234 0.233068 0.547872
1 0.306026 0.781117 0.043326 0.017554
1 0.723108 0.765159 0.005976 0.043085
1 0.750498 0.693617 0.040836 0.006383
1 0.278386 0.689361 0.005977 0.042553
1 0.859811 0.640159 0.016434 0.044149
1 0.637948 0.631383 0.005976 0.041490
1 0.206922 0.631383 0.006474 0.041490
1 0.829433 0.607978 0.040339 0.006383
1 0.206922 0.570744 0.006474 0.041489
1 0.240289 0.538563 0.039342 0.006915
1 0.859811 0.461968 0.016434 0.042022
1 0.637948 0.401330 0.005976 0.040958
1 0.393925 0.365425 0.041833 0.017021
2 0.775398 0.843883 0.043825 0.017554
2 0.692231 0.843883 0.043824 0.017554
2 0.578188 0.843883 0.085657 0.017554
2 0.399652 0.843883 0.059263 0.017554
2 0.357321 0.813298 0.016434 0.029787
2 0.243277 0.781117 0.027390 0.017554
2 0.125996 0.781117 0.083666 0.017554
2 0.047560 0.649202 0.016434 0.046276
2 0.859811 0.566755 0.016434 0.032447
2 0.047560 0.446010 0.016434 0.046277
2 0.715886 0.365425 0.084163 0.017021
2 0.514691 0.365425 0.166833 0.017021
2 0.257968 0.365425 0.083666 0.017021
2 0.129233 0.365425 0.085160 0.017021