0 0.622973 0.801755 0.489190 0.298489
0 0.290991 0.647612 0.012612 0.097183
0 0.455406 0.568191 0.067567 0.073091
0 0.660811 0.556758 0.031532 0.098408
0 0.291441 0.476726 0.008108 0.006125
0 0.660811 0.405676 0.031532 0.078808
0 0.659910 0.238669 0.033334 0.015925
0 0.436036 0.237852 0.057658 0.014292
0 0.303604 0.287056 0.043243 0.112699
0 0.202703 0.237852 0.009009 0.014292
0 0.148198 0.472847 0.294594 0.922009
1 0.491892 0.758473 0.018018 0.033892
1 0.337838 0.689669 0.079279 0.013067
1 0.291441 0.582483 0.008108 0.032258
1 0.291441 0.496734 0.008108 0.033075
1 0.113063 0.477337 0.072973 0.004083
1 0.291441 0.456512 0.008108 0.033483
1 0.291441 0.360556 0.008108 0.033483
1 0.366216 0.237852 0.080180 0.014292
2 0.197298 0.689669 0.172973 0.013067
2 0.660811 0.643119 0.031532 0.073499
2 0.660811 0.476317 0.031532 0.061658
2 0.660811 0.336260 0.031532 0.059208
2 0.660811 0.276236 0.031532 0.058391
2 0.554054 0.237852 0.176576 0.014292
2 0.244594 0.237852 0.072973 0.014292
2 0.127027 0.237852 0.140540 0.014292