0 0.600629 0.807399 0.041928 0.069289
0 0.349056 0.682032 0.280923 0.320023
0 0.223795 0.386377 0.030399 0.098650
0 0.607967 0.269230 0.071279 0.152085
0 0.471174 0.201703 0.024110 0.017029
0 0.240566 0.212566 0.063942 0.038756
0 0.770965 0.513799 0.359539 0.926600
1 0.756290 0.887552 0.022013 0.045215
1 0.318134 0.834116 0.078616 0.007634
1 0.534591 0.833235 0.088050 0.017616
1 0.596960 0.749560 0.011530 0.045215
1 0.596960 0.643864 0.011530 0.045214
1 0.819707 0.581033 0.071279 0.007633
1 0.596960 0.503523 0.011530 0.045214
1 0.626310 0.368173 0.011530 0.044627
1 0.527778 0.201703 0.087002 0.017029
2 0.680293 0.833235 0.115303 0.017616
2 0.223795 0.478861 0.030399 0.085144
2 0.223795 0.284498 0.030399 0.103934
2 0.701258 0.201703 0.113208 0.017029
2 0.365828 0.201703 0.184486 0.017029