0 0.375165 0.719985 0.058124 0.140187
0 0.610965 0.785406 0.180977 0.427750
0 0.614928 0.331417 0.014531 0.010065
0 0.598415 0.159598 0.023778 0.021567
0 0.466975 0.159598 0.027741 0.021567
0 0.725892 0.415888 0.389696 0.748382
0 0.208058 0.494609 0.347424 0.905823
1 0.203435 0.907980 0.013210 0.057512
1 0.462352 0.780015 0.113607 0.020129
1 0.461691 0.658878 0.114928 0.007907
1 0.318362 0.659238 0.079260 0.008626
1 0.374505 0.621136 0.014531 0.056075
1 0.537649 0.543135 0.013210 0.055355
1 0.375826 0.472681 0.011889 0.045291
1 0.533686 0.159598 0.103039 0.021567
2 0.795245 0.780015 0.184941 0.020129
2 0.309115 0.777498 0.071334 0.025162
2 0.614928 0.377426 0.014531 0.080517
2 0.725232 0.159598 0.227213 0.021567
2 0.335535 0.159598 0.232496 0.021567