0 0.460508 0.728817 0.036381 0.072283
0 0.687171 0.741742 0.084730 0.165151
0 0.547870 0.741742 0.139301 0.165151
0 0.604117 0.501437 0.269028 0.221637
0 0.550742 0.393968 0.004308 0.006701
0 0.425323 0.392771 0.055050 0.009095
0 0.814026 0.605553 0.111536 0.437530
0 0.401867 0.350407 0.008138 0.001915
0 0.281474 0.478219 0.258497 0.692197
1 0.421015 0.761848 0.041647 0.006223
1 0.230253 0.761848 0.105313 0.006223
1 0.717568 0.758019 0.005744 0.031115
1 0.659646 0.717089 0.005744 0.030637
1 0.494974 0.695548 0.031594 0.005744
1 0.421733 0.695548 0.041168 0.005744
1 0.376257 0.669698 0.031594 0.008617
1 0.739588 0.662039 0.036381 0.005744
1 0.636668 0.662039 0.037338 0.005744
1 0.809239 0.609382 0.031116 0.005745
1 0.740785 0.609382 0.034945 0.005745
1 0.395166 0.610819 0.006223 0.033509
1 0.373863 0.544998 0.034466 0.007181
1 0.217568 0.399234 0.035902 0.004787
1 0.401867 0.369794 0.008138 0.035902
1 0.220201 0.213977 0.030636 0.004787
1 0.401867 0.191479 0.008138 0.036381
2 0.770943 0.819052 0.081858 0.010531
2 0.604356 0.819052 0.079942 0.010531
2 0.469843 0.761848 0.015797 0.006223
2 0.778603 0.393968 0.078985 0.006701
2 0.607946 0.393968 0.109143 0.006701
2 0.500718 0.393968 0.094782 0.006701
2 0.401867 0.292245 0.008138 0.113452