0 0.658624 0.800706 0.596509 0.294533
0 0.220225 0.774250 0.389117 0.347443
0 0.820329 0.591711 0.273101 0.164021
0 0.038501 0.463403 0.025668 0.014991
0 0.132957 0.330247 0.214579 0.089066
0 0.944045 0.247796 0.025668 0.151675
0 0.542608 0.031305 0.052362 0.025573
0 0.406571 0.164463 0.761807 0.291887
0 0.916324 0.046296 0.081109 0.092593
0 0.718686 0.055996 0.172484 0.111993
1 0.595996 0.855379 0.011294 0.054674
1 0.373204 0.757496 0.025667 0.097001
1 0.644251 0.658730 0.077003 0.010582
1 0.462526 0.658730 0.093429 0.010582
1 0.273614 0.305555 0.064682 0.009701
1 0.859343 0.220018 0.141684 0.009700
1 0.782854 0.138889 0.009240 0.052028
1 0.526181 0.076279 0.009240 0.062610
1 0.840349 0.029542 0.068788 0.022045
2 0.944045 0.753527 0.025668 0.157848
2 0.038501 0.535714 0.025668 0.127866
2 0.038501 0.415343 0.025668 0.079365
2 0.944045 0.416666 0.025668 0.184303
2 0.038501 0.220459 0.025668 0.128747
2 0.944045 0.132275 0.025668 0.077602
2 0.600616 0.029542 0.061602 0.022045
2 0.483572 0.029542 0.063655 0.022045