0 0.486969 0.871349 0.064672 0.094576
0 0.318050 0.770167 0.170850 0.296940
0 0.677606 0.761822 0.469112 0.313630
0 0.300193 0.449931 0.026062 0.147427
0 0.952461 0.444367 0.037162 0.552156
0 0.853765 0.178721 0.021235 0.020863
0 0.729971 0.359527 0.357626 0.382476
0 0.444739 0.345966 0.186776 0.355355
0 0.287645 0.178721 0.043436 0.020863
0 0.220318 0.178721 0.011101 0.020863
0 0.165541 0.543463 0.253861 0.750348
1 0.708977 0.908206 0.037645 0.020862
1 0.501448 0.794158 0.006757 0.058415
1 0.931709 0.714534 0.038127 0.011822
1 0.423263 0.626565 0.038610 0.009736
1 0.312259 0.626565 0.038610 0.009736
1 0.745656 0.579276 0.014479 0.055633
1 0.674227 0.576496 0.006757 0.055633
1 0.531371 0.518776 0.038610 0.009736
1 0.332288 0.518776 0.037162 0.009736
1 0.928813 0.518081 0.039093 0.020862
1 0.245897 0.178721 0.039093 0.020863
2 0.553330 0.908206 0.067085 0.020862
2 0.420367 0.908206 0.067568 0.020862
2 0.172056 0.908206 0.120174 0.020862
2 0.899131 0.178721 0.068533 0.020863
2 0.808881 0.178721 0.067567 0.020863
2 0.598456 0.178721 0.119691 0.020863
2 0.371622 0.178721 0.123552 0.020863
2 0.154441 0.178721 0.119691 0.020863