0 0.242894 0.787297 0.075452 0.094629
0 0.090956 0.786445 0.043410 0.096334
0 0.529975 0.729326 0.004651 0.009377
0 0.099225 0.662404 0.059948 0.013640
0 0.948321 0.734015 0.033075 0.201193
0 0.605685 0.798806 0.056848 0.369991
0 0.481395 0.790707 0.063566 0.386189
0 0.865117 0.136829 0.006201 0.021313
0 0.786563 0.480392 0.356589 0.708440
0 0.581913 0.282609 0.063049 0.312873
0 0.324290 0.138960 0.004651 0.025576
0 0.248579 0.152600 0.062016 0.052856
0 0.286822 0.398550 0.435142 0.544757
1 0.870542 0.824382 0.121447 0.020460
1 0.553747 0.821824 0.047028 0.025575
1 0.554781 0.729326 0.043927 0.009377
1 0.269251 0.705456 0.005168 0.067348
1 0.077003 0.703751 0.015504 0.067348
1 0.148320 0.663256 0.037209 0.008525
1 0.172093 0.574169 0.005168 0.046888
1 0.613954 0.578005 0.005167 0.069906
1 0.613954 0.502557 0.005167 0.052003
1 0.726098 0.434357 0.031008 0.009377
1 0.588113 0.434357 0.039277 0.009377
1 0.269251 0.233163 0.005168 0.106564
1 0.841861 0.136829 0.039277 0.021313
1 0.300775 0.138960 0.041344 0.025576
2 0.681654 0.821824 0.094057 0.025575
2 0.521189 0.821824 0.014987 0.025575
2 0.365117 0.821824 0.167959 0.025575
2 0.158915 0.821824 0.091473 0.025575
2 0.520155 0.729326 0.013954 0.009377
2 0.077003 0.604433 0.015504 0.100596
2 0.958657 0.555840 0.012403 0.153453
2 0.884754 0.136829 0.032041 0.021313
2 0.660465 0.138960 0.093024 0.025576
2 0.438501 0.138960 0.222739 0.025576
2 0.170284 0.138960 0.093540 0.025576