0 0.550178 0.742080 0.048398 0.145317
0 0.382918 0.789600 0.165124 0.340909
0 0.635587 0.689394 0.213523 0.250688
0 0.258007 0.633953 0.345196 0.361570
0 0.534520 0.411502 0.007117 0.164601
0 0.453381 0.219008 0.004270 0.027548
0 0.181138 0.278581 0.191459 0.146694
0 0.718506 0.309573 0.053381 0.371212
0 0.534164 0.178374 0.049110 0.108815
0 0.847687 0.408058 0.170818 0.813361
1 0.456228 0.896006 0.017082 0.052341
1 0.495730 0.800275 0.059075 0.028925
1 0.495018 0.673553 0.060498 0.006887
1 0.370463 0.673553 0.056228 0.006887
1 0.532385 0.641529 0.007117 0.054408
1 0.795018 0.591942 0.045552 0.044766
1 0.307473 0.592286 0.007117 0.052341
1 0.734519 0.567494 0.054093 0.006887
1 0.734876 0.491391 0.054805 0.007576
1 0.482563 0.219008 0.052669 0.027548
2 0.816014 0.800275 0.145908 0.028925
2 0.628470 0.800275 0.106762 0.028925
2 0.237011 0.800275 0.126691 0.028925
2 0.100356 0.402548 0.029893 0.099862
2 0.364057 0.219008 0.172954 0.027548
2 0.806762 0.137741 0.121709 0.027548
2 0.625267 0.137741 0.131672 0.027548