0 0.159479 0.826159 0.017901 0.056833
0 0.165786 0.755955 0.005289 0.001672
0 0.165786 0.722942 0.005289 0.001672
0 0.160496 0.626619 0.015867 0.110740
0 0.661920 0.479733 0.010578 0.014209
0 0.963791 0.479524 0.011391 0.014626
0 0.337673 0.462808 0.017900 0.043042
0 0.277054 0.462599 0.031733 0.043460
0 0.202808 0.462390 0.005289 0.043878
0 0.406224 0.439198 0.055737 0.090263
0 0.487592 0.434183 0.033767 0.100292
0 0.880187 0.423527 0.045158 0.126620
0 0.791904 0.422691 0.095606 0.128291
0 0.381815 0.296698 0.015053 0.031759
0 0.383849 0.276431 0.093979 0.073966
0 0.812245 0.330547 0.314483 0.248224
0 0.187958 0.510865 0.301058 0.687422
0 0.170057 0.207271 0.020342 0.081906
0 0.549634 0.302131 0.152970 0.364396
0 0.485965 0.128917 0.019121 0.017969
0 0.171480 0.127873 0.019935 0.019222
0 0.325671 0.160677 0.070382 0.089010
0 0.485354 0.075011 0.019528 0.020477
0 0.351708 0.075219 0.019121 0.020895
1 0.101709 0.851859 0.096827 0.005433
1 0.139544 0.619515 0.025224 0.005433
1 0.165786 0.553489 0.005289 0.034685
1 0.452400 0.476390 0.035801 0.015879
1 0.286616 0.428333 0.005289 0.024237
1 0.202808 0.428123 0.005289 0.023819
1 0.335842 0.428333 0.005289 0.025073
1 0.119000 0.414334 0.005289 0.026327
1 0.452808 0.396783 0.037429 0.005433
1 0.844996 0.364605 0.024410 0.005432
1 0.475793 0.367112 0.005289 0.033013
1 0.861269 0.343293 0.005696 0.033013
1 0.782953 0.342039 0.004475 0.032177
1 0.475793 0.304221 0.005289 0.024237
1 0.177177 0.277476 0.005289 0.057668
1 0.144223 0.176765 0.030512 0.019223
1 0.351505 0.100919 0.018714 0.029670
2 0.165786 0.777268 0.005289 0.040117
2 0.165786 0.739448 0.005289 0.030505
2 0.165786 0.702047 0.005289 0.039281
2 0.930431 0.479733 0.054516 0.014209
2 0.849064 0.479733 0.017901 0.014209
2 0.705655 0.479733 0.076078 0.014209
2 0.543735 0.476390 0.077705 0.015879
2 0.362490 0.476390 0.030920 0.015879
2 0.310822 0.476390 0.034988 0.015879
2 0.233117 0.476390 0.055329 0.015879
2 0.184703 0.476390 0.030106 0.015879
2 0.964198 0.463435 0.010577 0.016716
2 0.661513 0.459674 0.010577 0.025074
2 0.099268 0.176765 0.056957 0.019223
2 0.170870 0.151901 0.018715 0.027999
2 0.537022 0.128917 0.082180 0.017969
2 0.235964 0.127873 0.108218 0.019222
2 0.485761 0.102591 0.018714 0.033848
2 0.418430 0.074383 0.113507 0.019223