0 0.720774 0.718544 0.005046 0.012299
0 0.657275 0.718544 0.009252 0.012299
0 0.848192 0.744560 0.169050 0.272470
0 0.304878 0.579943 0.002524 0.011353
0 0.098823 0.634815 0.039529 0.153263
0 0.248949 0.540208 0.341463 0.340586
0 0.886039 0.412961 0.091674 0.169347
0 0.533221 0.523179 0.166526 0.715232
0 0.772918 0.333964 0.314550 0.342478
1 0.690076 0.718544 0.054668 0.012299
1 0.279226 0.579943 0.047098 0.011353
1 0.141715 0.579943 0.044575 0.011353
1 0.798571 0.383633 0.081581 0.010406
1 0.581160 0.383633 0.072329 0.010406
2 0.771236 0.718544 0.094197 0.012299
2 0.605972 0.718544 0.091673 0.012299
2 0.336418 0.579943 0.058873 0.011353
2 0.093356 0.535004 0.008410 0.044465
2 0.910429 0.552980 0.010934 0.108798
2 0.910429 0.287606 0.010934 0.079471
2 0.577797 0.188269 0.074011 0.013245