0 0.810295 0.722101 0.317647 0.299781
0 0.812868 0.454048 0.312500 0.146608
0 0.165442 0.330963 0.011765 0.003282
0 0.810295 0.179431 0.317647 0.332604
0 0.548161 0.152079 0.099265 0.277899
0 0.312868 0.442560 0.552206 0.858862
1 0.620220 0.863785 0.061029 0.016411
1 0.661029 0.528994 0.008823 0.084245
1 0.708088 0.392779 0.005882 0.091904
1 0.165442 0.373633 0.011765 0.079869
1 0.624632 0.285010 0.052206 0.012035
2 0.955515 0.639496 0.027206 0.222101
2 0.955515 0.260394 0.027206 0.238512
2 0.165442 0.225383 0.011765 0.205690
2 0.647058 0.033370 0.111765 0.040482
2 0.443383 0.033370 0.108823 0.040482