0 0.373175 0.720248 0.675182 0.264653
0 0.197993 0.592807 0.324817 0.146537
0 0.679744 0.234902 0.058395 0.034636
0 0.335766 0.329485 0.072993 0.252220
0 0.090329 0.328153 0.109489 0.249556
0 0.736770 0.429396 0.457116 0.846358
1 0.755019 0.842362 0.086679 0.020426
1 0.691150 0.737123 0.013686 0.071048
1 0.559306 0.731350 0.051095 0.057726
1 0.398267 0.594583 0.073905 0.013321
1 0.348540 0.492451 0.012774 0.071936
1 0.609489 0.234902 0.080292 0.034636
2 0.062044 0.736679 0.052920 0.139431
2 0.062044 0.486235 0.052920 0.064831
2 0.778285 0.234902 0.136861 0.034636
2 0.440237 0.227797 0.134124 0.048845
2 0.222172 0.227797 0.152373 0.048845