0 0.163698 0.932322 0.005479 0.015896
0 0.085274 0.925338 0.044520 0.029865
0 0.523972 0.925337 0.042465 0.030828
0 0.273973 0.824904 0.075343 0.230732
0 0.628082 0.791426 0.060274 0.298651
0 0.516781 0.682322 0.028082 0.218208
0 0.117809 0.708815 0.109589 0.274084
0 0.516781 0.500722 0.028082 0.077553
0 0.771575 0.301300 0.008904 0.013969
0 0.338013 0.303469 0.002055 0.021195
0 0.255822 0.413054 0.013014 0.240366
0 0.693493 0.569364 0.381507 0.742774
0 0.121918 0.383911 0.117808 0.373796
0 0.349315 0.488440 0.191780 0.903661
1 0.202740 0.932322 0.071233 0.015896
1 0.204452 0.842485 0.062328 0.006743
1 0.338013 0.829721 0.060959 0.003372
1 0.643836 0.757948 0.067123 0.006262
1 0.682876 0.728324 0.008219 0.047206
1 0.257534 0.686657 0.008219 0.044798
1 0.341096 0.651975 0.067124 0.006262
1 0.165753 0.591041 0.009589 0.039499
1 0.257534 0.556358 0.008219 0.045279
1 0.215068 0.528420 0.067123 0.006744
1 0.809589 0.301300 0.065754 0.013969
1 0.370891 0.303469 0.062329 0.021195
2 0.134246 0.932322 0.052055 0.015896
2 0.742466 0.931118 0.167123 0.019267
2 0.572603 0.931118 0.053425 0.019267
2 0.349658 0.929673 0.074657 0.021195
2 0.516781 0.850675 0.028082 0.117533
2 0.078767 0.850675 0.031507 0.118497
2 0.078767 0.555876 0.031507 0.030829
2 0.516781 0.556358 0.028082 0.032755
2 0.516781 0.399807 0.028082 0.123314
2 0.657191 0.301300 0.218493 0.013969
2 0.299658 0.303469 0.073287 0.021195
2 0.178767 0.303469 0.145206 0.021195