0 0.869714 0.782224 0.157470 0.276912
0 0.869714 0.571530 0.157470 0.164306
0 0.397704 0.478753 0.019734 0.035411
0 0.397704 0.405807 0.019734 0.004249
0 0.938783 0.395184 0.019331 0.032578
0 0.869311 0.368626 0.158276 0.123938
0 0.397704 0.309136 0.019734 0.058782
0 0.938783 0.231587 0.019331 0.036827
0 0.397906 0.140227 0.020137 0.036827
0 0.507451 0.482649 0.881997 0.876062
1 0.798026 0.911828 0.036649 0.017705
1 0.827628 0.866502 0.004028 0.055949
1 0.793597 0.682365 0.005235 0.055949
1 0.793597 0.459986 0.005235 0.057366
1 0.674990 0.400142 0.032219 0.007082
1 0.397704 0.371105 0.019734 0.063740
1 0.773660 0.313031 0.032219 0.007082
1 0.697946 0.313031 0.033024 0.007082
2 0.938783 0.612960 0.019331 0.060198
2 0.419855 0.479108 0.023762 0.034703
2 0.938783 0.478400 0.019331 0.132437
2 0.397704 0.434490 0.019734 0.051700
2 0.938783 0.349858 0.019331 0.056657
2 0.938783 0.278328 0.019331 0.055241
2 0.397704 0.219192 0.019734 0.119689
2 0.421264 0.139164 0.025775 0.034703
2 0.938783 0.148017 0.019331 0.128896