0 0.557283 0.588146 0.020458 0.039514
0 0.128887 0.663627 0.203764 0.391084
0 0.557283 0.359169 0.020458 0.043566
0 0.133797 0.348531 0.213584 0.072948
0 0.490180 0.465045 0.926350 0.788247
1 0.206628 0.848024 0.037643 0.022290
1 0.182283 0.717831 0.003682 0.082067
1 0.282120 0.712766 0.003683 0.084094
1 0.228928 0.426545 0.003682 0.081054
1 0.557283 0.422493 0.020458 0.081053
1 0.257978 0.364235 0.033961 0.009118
2 0.557283 0.705167 0.020458 0.192502
2 0.557283 0.516717 0.020458 0.101317
2 0.036825 0.464032 0.019640 0.186423
2 0.557283 0.242148 0.020458 0.188450
2 0.036825 0.217326 0.019640 0.187437