0 0.227376 0.658617 0.326124 0.394671
0 0.798520 0.393838 0.020490 0.014987
0 0.183836 0.389675 0.239044 0.046628
0 0.798520 0.302248 0.020490 0.013322
0 0.505407 0.473771 0.882186 0.764363
1 0.416050 0.847210 0.052362 0.017485
1 0.327263 0.469608 0.040979 0.008327
1 0.299943 0.426312 0.006830 0.068277
1 0.798520 0.347627 0.020490 0.075770
1 0.299943 0.342631 0.006830 0.067444
1 0.417189 0.301416 0.046671 0.009991
1 0.483210 0.222731 0.004554 0.067444
2 0.075697 0.476686 0.022766 0.125728
2 0.798520 0.479184 0.020490 0.154038
2 0.075697 0.291007 0.022766 0.149043
2 0.798520 0.230641 0.020490 0.128226