0 0.381578 0.906753 0.630031 0.021437
0 0.839009 0.601822 0.160991 0.631297
0 0.773994 0.310825 0.074304 0.049303
0 0.604102 0.523580 0.177244 0.474812
0 0.443499 0.523580 0.032507 0.474812
0 0.308824 0.523580 0.114551 0.474812
0 0.131578 0.524652 0.130031 0.476956
1 0.732972 0.909968 0.071208 0.015006
1 0.787539 0.811362 0.008514 0.085745
1 0.071981 0.829582 0.010836 0.130760
1 0.725619 0.753483 0.064242 0.015005
1 0.493034 0.753483 0.065016 0.015005
1 0.398994 0.753483 0.064242 0.015005
1 0.219040 0.753483 0.063467 0.015005
2 0.844815 0.310825 0.065789 0.049303
2 0.703561 0.310825 0.065015 0.049303
2 0.486842 0.310825 0.055728 0.049303
2 0.355263 0.310825 0.142415 0.049303
2 0.224458 0.310825 0.054180 0.049303