0 0.860017 0.914528 0.047089 0.012106
0 0.366011 0.897336 0.047089 0.048427
0 0.226027 0.853511 0.083904 0.182566
0 0.707620 0.834383 0.069350 0.172397
0 0.344606 0.721307 0.071062 0.004359
0 0.607876 0.703632 0.200343 0.433898
0 0.295376 0.492252 0.077055 0.012106
0 0.856593 0.663680 0.221747 0.513801
0 0.061215 0.551816 0.088185 0.739468
0 0.392979 0.505811 0.167809 0.886683
1 0.306079 0.915496 0.074486 0.012107
1 0.303939 0.879661 0.075343 0.004358
1 0.362586 0.853753 0.007705 0.037772
1 0.648116 0.835352 0.049657 0.005811
1 0.741866 0.769250 0.067637 0.004359
1 0.688784 0.729056 0.007705 0.037288
1 0.741866 0.674818 0.065925 0.004359
1 0.862158 0.492010 0.066781 0.010654
1 0.367723 0.492252 0.065925 0.012106
1 0.320634 0.118887 0.011131 0.038257
2 0.413100 0.915496 0.045377 0.012107
2 0.135702 0.915496 0.095034 0.012107
2 0.902826 0.914528 0.036815 0.012106
2 0.789384 0.914528 0.092465 0.012106
2 0.625000 0.914044 0.094178 0.013075
2 0.670805 0.492010 0.148116 0.010654
2 0.181079 0.492252 0.149829 0.012106