0 0.535277 0.841541 0.016111 0.029979
0 0.372777 0.840471 0.026667 0.032120
0 0.617222 0.801927 0.034444 0.109208
0 0.729722 0.798002 0.085000 0.117059
0 0.837222 0.700571 0.228889 0.311920
0 0.492500 0.579586 0.261666 0.553890
0 0.819167 0.300500 0.265000 0.445396
0 0.725834 0.143469 0.016111 0.131334
0 0.665277 0.092791 0.003889 0.029978
0 0.206111 0.467166 0.272222 0.778729
0 0.082500 0.147395 0.025000 0.139186
1 0.335000 0.841541 0.047778 0.029979
1 0.185000 0.841541 0.166666 0.029979
1 0.660834 0.806924 0.051667 0.012134
1 0.365556 0.804782 0.007777 0.037830
1 0.658056 0.752677 0.057223 0.006424
1 0.608333 0.721270 0.007778 0.050679
1 0.484166 0.688080 0.031667 0.009992
1 0.727500 0.705568 0.009444 0.066381
1 0.608333 0.615274 0.007778 0.048537
1 0.727500 0.554247 0.009444 0.060671
1 0.655000 0.513918 0.062222 0.009993
1 0.363889 0.513918 0.042222 0.009993
1 0.081667 0.261599 0.023333 0.087794
1 0.727500 0.239115 0.009444 0.058530
1 0.692500 0.092791 0.049444 0.029978
2 0.824445 0.841541 0.103333 0.029979
2 0.571666 0.841541 0.055555 0.029979
2 0.497223 0.841541 0.058889 0.029979
2 0.415833 0.841541 0.058333 0.029979
2 0.281111 0.841541 0.023334 0.029979
2 0.940000 0.476445 0.023334 0.134903
2 0.792777 0.092791 0.116667 0.029978
2 0.501667 0.092791 0.322222 0.029978
2 0.125278 0.092791 0.059444 0.029978