0 0.613387 0.814584 0.611389 0.320833
0 0.785715 0.727917 0.266733 0.149167
0 0.912088 0.497084 0.013986 0.120833
0 0.342158 0.130417 0.048951 0.012500
0 0.661838 0.273750 0.514486 0.500834
0 0.321179 0.344583 0.550450 0.642500
1 0.415584 0.769583 0.065934 0.010833
1 0.581919 0.709583 0.138861 0.010833
1 0.267732 0.660000 0.083916 0.011666
1 0.165334 0.598333 0.012987 0.056667
1 0.296703 0.518750 0.213786 0.010834
1 0.495005 0.217500 0.012988 0.063334
1 0.421578 0.130417 0.107892 0.012500
2 0.912088 0.850416 0.013986 0.094167
2 0.912088 0.605417 0.013986 0.094167
2 0.912088 0.391667 0.013986 0.088333
2 0.198801 0.130417 0.235764 0.012500
2 0.703297 0.029167 0.211788 0.011667