0 0.346784 0.612483 0.093317 0.097485
0 0.549810 0.598147 0.118537 0.126158
0 0.487390 0.355756 0.092055 0.112483
0 0.659521 0.200706 0.015132 0.009704
0 0.530265 0.225409 0.079445 0.059109
0 0.286886 0.304146 0.142497 0.216585
0 0.759773 0.499779 0.477932 0.999559
0 0.187263 0.431849 0.369483 0.863697
1 0.778058 0.951698 0.012610 0.028672
1 0.444515 0.657035 0.099621 0.008381
1 0.437578 0.609617 0.103405 0.004411
1 0.365700 0.548963 0.012610 0.028673
1 0.593947 0.520512 0.012610 0.028231
1 0.233291 0.464711 0.012610 0.019850
1 0.233291 0.426996 0.012610 0.028232
1 0.399748 0.409793 0.080706 0.004411
1 0.183480 0.291574 0.061791 0.004411
1 0.527112 0.277239 0.012610 0.043670
1 0.610971 0.200706 0.079446 0.009704
2 0.701765 0.657035 0.182850 0.008381
2 0.204918 0.657035 0.187894 0.008381
2 0.773645 0.200706 0.210593 0.009704
2 0.401639 0.200706 0.175284 0.009704
2 0.189785 0.200706 0.056747 0.009704