0 0.528056 0.804259 0.026111 0.016903
0 0.825555 0.738674 0.123333 0.148073
0 0.638612 0.779243 0.093889 0.346856
0 0.391389 0.749493 0.298334 0.406356
0 0.189445 0.661596 0.162223 0.302231
0 0.115278 0.434077 0.013889 0.068966
0 0.778889 0.478364 0.216666 0.173766
0 0.818611 0.227519 0.137222 0.202163
0 0.532778 0.282285 0.170000 0.311697
0 0.307222 0.289047 0.215556 0.325220
0 0.237778 0.187965 0.083333 0.123056
0 0.131111 0.233266 0.045556 0.213658
1 0.566667 0.804259 0.050000 0.016903
1 0.566111 0.712643 0.050000 0.006761
1 0.381945 0.612914 0.036111 0.039892
1 0.293889 0.549696 0.045556 0.006761
1 0.115278 0.501014 0.013889 0.063556
1 0.248889 0.481069 0.005556 0.057471
1 0.425000 0.434415 0.044444 0.007438
1 0.300000 0.434415 0.044444 0.007438
1 0.176667 0.308654 0.044445 0.008789
1 0.226111 0.274848 0.005556 0.049358
2 0.724722 0.804259 0.077222 0.016903
2 0.504166 0.804259 0.020555 0.016903
2 0.208612 0.804259 0.066111 0.016903
2 0.880278 0.614942 0.013889 0.098039
2 0.115278 0.369845 0.013889 0.058147
2 0.880278 0.360041 0.013889 0.061528
2 0.683889 0.134888 0.131111 0.016903
2 0.448333 0.134888 0.065555 0.016903
2 0.303056 0.134888 0.046111 0.016903
2 0.172778 0.138607 0.045556 0.024341