0 0.820411 0.869288 0.227848 0.125398
0 0.718355 0.583953 0.007911 0.005314
0 0.824367 0.667375 0.219936 0.180659
0 0.206883 0.473964 0.013450 0.008502
0 0.576741 0.437301 0.053797 0.018066
0 0.801029 0.430924 0.266613 0.060573
0 0.498813 0.482466 0.871044 0.839533
1 0.672864 0.894793 0.065664 0.014878
1 0.718355 0.776833 0.007911 0.057386
1 0.718355 0.626993 0.007911 0.078639
1 0.206883 0.521254 0.013450 0.083954
1 0.635680 0.437301 0.062500 0.018066
2 0.922864 0.788523 0.022943 0.059511
2 0.922864 0.519128 0.022943 0.113709
2 0.718355 0.518598 0.007911 0.123273
2 0.922864 0.342189 0.022943 0.114772
2 0.206883 0.301275 0.013450 0.334750