0 0.405291 0.717159 0.058202 0.026661
0 0.319841 0.716917 0.014286 0.177412
0 0.571428 0.783567 0.519577 0.333979
0 0.596297 0.624333 0.237037 0.210373
0 0.554498 0.553078 0.078307 0.067862
0 0.413493 0.588464 0.199471 0.138633
0 0.210582 0.370335 0.388360 0.174503
0 0.493122 0.280902 0.071958 0.015996
0 0.388624 0.301987 0.061905 0.096946
0 0.114815 0.223703 0.074074 0.025691
0 0.525926 0.208192 0.006350 0.021812
0 0.522752 0.136937 0.012699 0.015997
0 0.887566 0.246001 0.161376 0.433834
0 0.690476 0.246001 0.220106 0.433834
0 0.323016 0.123364 0.267196 0.197286
0 0.084391 0.178865 0.134921 0.308289
1 0.368783 0.944498 0.037037 0.012118
1 0.695502 0.746970 0.013227 0.033931
1 0.480953 0.746001 0.006349 0.032962
1 0.623281 0.676927 0.007407 0.034416
1 0.480953 0.674503 0.006349 0.032477
1 0.530688 0.633544 0.033862 0.006787
1 0.733069 0.621910 0.035450 0.010664
1 0.584656 0.603975 0.007408 0.032962
1 0.819048 0.290112 0.035979 0.006301
1 0.438360 0.285991 0.036508 0.005817
1 0.332540 0.285991 0.049206 0.005817
1 0.790212 0.212070 0.035450 0.006302
1 0.398148 0.223703 0.013228 0.058653
1 0.375132 0.135724 0.006349 0.023267
1 0.351322 0.112943 0.035979 0.004847
2 0.319047 0.826951 0.013757 0.041686
2 0.320371 0.608337 0.013227 0.039748
2 0.610582 0.524479 0.032804 0.010664
2 0.499206 0.524479 0.031217 0.010664
2 0.793651 0.456859 0.055026 0.012118
2 0.398148 0.378575 0.013228 0.055260
2 0.023545 0.361124 0.013228 0.055259
2 0.525926 0.246001 0.006350 0.052836
2 0.525926 0.171110 0.006350 0.051382
2 0.023545 0.163112 0.013228 0.052836
2 0.486508 0.131847 0.058730 0.005817
2 0.777249 0.034901 0.058201 0.011633
2 0.152381 0.030780 0.073016 0.012119