0 0.709701 0.787492 0.147761 0.122394
0 0.485821 0.761601 0.022388 0.174177
0 0.673134 0.491258 0.104477 0.008743
0 0.630597 0.207801 0.031344 0.016140
0 0.475373 0.207801 0.031344 0.016140
0 0.270896 0.427371 0.446269 0.842637
0 0.848507 0.480498 0.276119 0.951581
1 0.567164 0.840619 0.137314 0.016140
1 0.565671 0.758238 0.137313 0.008742
1 0.718657 0.698386 0.016418 0.054472
1 0.800747 0.664089 0.091045 0.008742
1 0.484329 0.646267 0.019403 0.055145
1 0.261941 0.571284 0.091045 0.008743
1 0.552985 0.207801 0.120896 0.016140
2 0.851492 0.840619 0.132835 0.016140
2 0.343283 0.840619 0.259701 0.016140
2 0.799254 0.207801 0.302985 0.016140
2 0.304477 0.207801 0.307463 0.016140