0 0.411080 0.774351 0.053072 0.124026
0 0.473929 0.810065 0.530726 0.296754
0 0.247672 0.740909 0.135940 0.190909
0 0.406424 0.485389 0.012105 0.186363
0 0.795624 0.519805 0.375233 0.633117
0 0.670391 0.241559 0.094972 0.076623
0 0.424115 0.211364 0.056797 0.016234
0 0.304003 0.211364 0.002793 0.016234
0 0.154097 0.426299 0.295158 0.820130
1 0.544693 0.917208 0.011173 0.056494
1 0.478585 0.829221 0.091248 0.014286
1 0.484171 0.716234 0.091248 0.007792
1 0.346369 0.716234 0.080075 0.007792
1 0.182960 0.716234 0.077281 0.007792
1 0.675512 0.633117 0.012104 0.055844
1 0.295624 0.616883 0.012104 0.055844
1 0.675977 0.325000 0.011173 0.088962
1 0.350558 0.211364 0.088455 0.016234
2 0.350094 0.829221 0.067039 0.014286
2 0.144321 0.829221 0.068901 0.014286
2 0.822626 0.828896 0.164805 0.014935
2 0.806331 0.211364 0.175047 0.016234
2 0.537710 0.211364 0.168529 0.016234
2 0.187617 0.211364 0.228119 0.016234