0 0.699170 0.838442 0.250741 0.205468
0 0.730587 0.657415 0.187908 0.060480
0 0.213989 0.580779 0.010670 0.003314
0 0.324836 0.648302 0.406639 0.562551
0 0.703319 0.514085 0.242443 0.302403
0 0.515412 0.213753 0.618258 0.215410
1 0.550978 0.923364 0.044458 0.012427
1 0.584469 0.850042 0.004743 0.041425
1 0.673385 0.700083 0.004742 0.069594
1 0.613218 0.659072 0.045643 0.012428
1 0.213989 0.613505 0.010670 0.060481
1 0.584469 0.352942 0.004743 0.061309
1 0.425312 0.350870 0.005335 0.063794
1 0.543272 0.303231 0.031416 0.006628
1 0.461766 0.303231 0.030824 0.006628
2 0.816835 0.778376 0.015412 0.179784
2 0.816835 0.528583 0.015412 0.195526
2 0.213989 0.493372 0.010670 0.169842
2 0.213989 0.261806 0.015412 0.208782
2 0.816835 0.258907 0.015412 0.206297