0 0.432699 0.437643 0.114850 0.019450
0 0.635333 0.622426 0.660570 0.528604
0 0.712509 0.181922 0.257498 0.276888
0 0.417337 0.053204 0.059254 0.019451
0 0.271397 0.243707 0.095099 0.400458
0 0.135332 0.465103 0.225311 0.843250
1 0.276518 0.877574 0.055596 0.018307
1 0.190929 0.816934 0.011704 0.084668
1 0.190929 0.613845 0.011704 0.076659
1 0.835040 0.544623 0.012436 0.096109
1 0.190929 0.519451 0.011704 0.066362
1 0.381493 0.490275 0.010973 0.083524
1 0.534016 0.435927 0.086320 0.016018
1 0.347110 0.435927 0.054865 0.016018
1 0.226042 0.435927 0.055597 0.016018
1 0.589612 0.370137 0.010241 0.097254
2 0.835040 0.715675 0.012436 0.239130
2 0.835040 0.249427 0.012436 0.215103
2 0.515362 0.053204 0.135333 0.019451
2 0.352232 0.053204 0.069495 0.019451
2 0.153987 0.053204 0.138259 0.019451