0 0.708770 0.729980 0.029232 0.015401
0 0.645288 0.729980 0.006980 0.015401
0 0.262216 0.684035 0.057591 0.084702
0 0.909467 0.642968 0.047557 0.189425
0 0.224258 0.520021 0.002618 0.150924
0 0.331807 0.572639 0.137435 0.307495
0 0.793193 0.484856 0.077661 0.207906
0 0.312391 0.379363 0.169284 0.108829
0 0.158377 0.594713 0.067190 0.548768
0 0.936082 0.279004 0.103404 0.367043
0 0.879581 0.209446 0.107330 0.227926
0 0.761343 0.198409 0.054101 0.205852
0 0.687391 0.479980 0.267452 0.768993
0 0.238220 0.471253 0.430192 0.754620
1 0.744110 0.729980 0.040576 0.015401
1 0.212696 0.714066 0.040576 0.024641
1 0.108639 0.714066 0.107330 0.024641
1 0.265707 0.619353 0.005236 0.043634
1 0.265707 0.397074 0.005236 0.042608
1 0.206588 0.368069 0.041448 0.010267
1 0.106457 0.368069 0.035777 0.010267
1 0.688264 0.357290 0.005671 0.043121
1 0.926702 0.348306 0.013089 0.048768
1 0.807155 0.297998 0.036649 0.006674
1 0.715533 0.297998 0.036649 0.006674
1 0.613438 0.297998 0.027924 0.006674
1 0.265053 0.306468 0.003927 0.048254
1 0.388525 0.300051 0.017016 0.048768
1 0.130018 0.295431 0.004363 0.048768
1 0.227531 0.239476 0.040575 0.006673
1 0.193499 0.213039 0.003926 0.042094
1 0.292103 0.208162 0.008290 0.043634
2 0.853403 0.729980 0.063700 0.015401
2 0.671466 0.729980 0.044502 0.015401
2 0.619110 0.729980 0.044502 0.015401
2 0.327443 0.714066 0.071989 0.024641
2 0.926702 0.505390 0.013089 0.084702
2 0.388525 0.466376 0.017016 0.064168
2 0.821990 0.102927 0.067191 0.014887
2 0.706807 0.102927 0.068935 0.014887