0 0.845368 0.804922 0.253406 0.113887
0 0.155313 0.685893 0.080381 0.125643
0 0.630109 0.673034 0.034060 0.151359
0 0.685627 0.722998 0.428474 0.465834
0 0.380790 0.619398 0.193460 0.258633
0 0.233651 0.454813 0.038147 0.089640
0 0.330381 0.375459 0.040871 0.105804
0 0.250341 0.359295 0.270436 0.340926
0 0.690055 0.447465 0.147139 0.602498
0 0.559945 0.176708 0.100817 0.060985
1 0.586172 0.739897 0.059264 0.017634
1 0.666212 0.614622 0.036785 0.009552
1 0.585150 0.614622 0.054496 0.009552
1 0.620572 0.572373 0.008174 0.048494
1 0.508856 0.494857 0.061308 0.009552
1 0.280654 0.494857 0.054496 0.009552
1 0.200954 0.494857 0.042234 0.009552
1 0.281335 0.419177 0.055858 0.018368
2 0.658378 0.739897 0.026567 0.017634
2 0.429837 0.739897 0.081743 0.017634
2 0.239782 0.739897 0.087194 0.017634
2 0.126703 0.576415 0.023160 0.091845
2 0.198229 0.419177 0.031335 0.018368
2 0.339237 0.277369 0.023160 0.088905
2 0.447548 0.198016 0.122616 0.018369
2 0.650886 0.155400 0.079701 0.018369