0 0.456096 0.766375 0.681422 0.055313
0 0.266691 0.603348 0.025399 0.001456
0 0.299347 0.476347 0.225690 0.131733
0 0.846517 0.527656 0.082003 0.532751
0 0.718795 0.443232 0.083454 0.363901
0 0.550436 0.395925 0.144413 0.269287
0 0.303701 0.299855 0.099420 0.077147
1 0.830915 0.788937 0.066763 0.010189
1 0.793179 0.621179 0.065313 0.008006
1 0.266691 0.572416 0.025399 0.058952
1 0.656023 0.526565 0.065312 0.008006
1 0.445210 0.526565 0.064587 0.008006
1 0.775762 0.433406 0.058056 0.008006
2 0.266691 0.671397 0.025399 0.133188
2 0.266691 0.374455 0.025399 0.070597
2 0.798258 0.280567 0.074021 0.038573
2 0.611394 0.277656 0.129899 0.032751
2 0.417997 0.277656 0.127722 0.032751