0 0.350650 0.773720 0.213439 0.074548
0 0.248165 0.696536 0.008470 0.001506
0 0.434500 0.616717 0.034444 0.033132
0 0.347826 0.521837 0.207792 0.090361
0 0.248165 0.438253 0.008470 0.003012
0 0.588650 0.612952 0.164313 0.396084
0 0.447770 0.417169 0.007905 0.004518
0 0.421795 0.313630 0.059853 0.020331
0 0.295878 0.311370 0.103896 0.088103
0 0.666855 0.245105 0.007905 0.006777
0 0.248165 0.221763 0.008470 0.002259
0 0.500000 0.190888 0.512140 0.301957
1 0.481931 0.805723 0.047996 0.010542
1 0.447487 0.571537 0.008470 0.055723
1 0.541784 0.565136 0.008470 0.048945
1 0.447770 0.448796 0.007905 0.057229
1 0.496330 0.318524 0.088086 0.010542
1 0.369847 0.318524 0.042913 0.010542
1 0.666855 0.277861 0.007905 0.057229
1 0.447770 0.274473 0.007905 0.056476
2 0.248165 0.716867 0.008470 0.037651
2 0.248165 0.631401 0.008470 0.127259
2 0.248165 0.458208 0.008470 0.035392
2 0.248165 0.396085 0.008470 0.079819
2 0.666855 0.378389 0.007905 0.071537
2 0.248165 0.245106 0.008470 0.042921
2 0.666855 0.220256 0.007905 0.041416
2 0.248165 0.157380 0.008470 0.125000
2 0.666855 0.125753 0.007905 0.143072