0 0.429302 0.760444 0.114922 0.061333
0 0.441637 0.853333 0.523465 0.250667
0 0.195246 0.733333 0.028279 0.048000
0 0.195849 0.574222 0.028279 0.108444
0 0.327918 0.292444 0.001204 0.028445
0 0.814380 0.416889 0.045126 0.330666
0 0.882070 0.536444 0.234657 0.884445
0 0.635680 0.355556 0.207582 0.522667
0 0.280686 0.240444 0.366426 0.292445
1 0.734055 0.967556 0.060169 0.022223
1 0.685920 0.874222 0.007221 0.056000
1 0.800241 0.761777 0.007220 0.058667
1 0.800241 0.622222 0.007220 0.078222
1 0.765643 0.543556 0.051143 0.009777
1 0.837545 0.420889 0.049338 0.013334
1 0.497895 0.381333 0.066787 0.010667
1 0.357100 0.292444 0.055956 0.028445
1 0.814982 0.209778 0.036702 0.081778
2 0.194645 0.852000 0.029482 0.189334
2 0.195547 0.668888 0.028881 0.080889
2 0.196450 0.436000 0.029482 0.168000
2 0.271059 0.292444 0.111312 0.028445
2 0.882370 0.288000 0.089651 0.030222
2 0.721119 0.114222 0.151023 0.040000
2 0.488568 0.114222 0.125150 0.040000