0 0.300550 0.834382 0.241632 0.056636
0 0.553645 0.828089 0.180192 0.069222
0 0.356718 0.729405 0.104539 0.059496
0 0.225355 0.716534 0.095827 0.036041
0 0.669417 0.616990 0.123797 0.213387
0 0.519028 0.626716 0.104540 0.232838
0 0.277855 0.614702 0.262265 0.209955
0 0.125859 0.485984 0.015131 0.014302
0 0.126318 0.409611 0.016048 0.016018
0 0.209307 0.358982 0.257221 0.054348
0 0.838606 0.502002 0.208162 0.443364
0 0.332187 0.280606 0.011462 0.004005
0 0.865428 0.327518 0.044475 0.102403
0 0.717102 0.319221 0.089867 0.215103
0 0.597432 0.317505 0.076112 0.211671
0 0.485557 0.317505 0.077029 0.211671
0 0.209537 0.239988 0.257680 0.056637
1 0.338606 0.782609 0.008712 0.045767
1 0.524760 0.768307 0.013297 0.049199
1 0.288859 0.709668 0.030261 0.016590
1 0.404631 0.683353 0.008712 0.032609
1 0.338606 0.681064 0.008712 0.036042
1 0.245071 0.679634 0.008712 0.036614
1 0.716873 0.514302 0.034388 0.008010
1 0.589409 0.514302 0.035305 0.008010
1 0.741861 0.448513 0.007337 0.042334
1 0.653829 0.418764 0.035763 0.009153
1 0.598349 0.418764 0.031179 0.009153
1 0.542412 0.418764 0.035763 0.009153
1 0.510775 0.386441 0.004585 0.034897
1 0.332187 0.307495 0.011462 0.048627
2 0.442458 0.854405 0.041265 0.016590
2 0.187070 0.770881 0.014672 0.071510
2 0.773728 0.715389 0.083907 0.016590
2 0.576341 0.715389 0.079780 0.016590
2 0.170106 0.710527 0.013755 0.018307
2 0.140074 0.501144 0.033471 0.041190
2 0.125631 0.448226 0.014673 0.060069
2 0.881706 0.429062 0.011921 0.099542
2 0.141219 0.393593 0.033929 0.041190
2 0.802613 0.283753 0.080239 0.014874
2 0.332187 0.252860 0.011462 0.050343
2 0.684319 0.219965 0.064650 0.016591
2 0.643512 0.219965 0.015130 0.016591
2 0.520404 0.219965 0.077029 0.016591
2 0.392709 0.219965 0.107749 0.016591