0 0.080898 0.717575 0.067712 0.260338
0 0.296151 0.701598 0.221668 0.292293
0 0.706344 0.674342 0.466144 0.316730
0 0.304704 0.421052 0.150392 0.016917
0 0.107626 0.344925 0.121169 0.250000
0 0.477905 0.213345 0.009265 0.005639
0 0.831433 0.184210 0.013543 0.003759
0 0.500000 0.221335 0.904490 0.425752
1 0.440129 0.824248 0.064861 0.016918
1 0.374911 0.717105 0.009978 0.060150
1 0.608339 0.475094 0.007840 0.079888
1 0.540271 0.425751 0.045616 0.007519
1 0.477905 0.254229 0.009265 0.074248
1 0.831433 0.228384 0.013543 0.082707
2 0.150035 0.832237 0.069137 0.031015
2 0.057377 0.528666 0.020670 0.115601
2 0.930150 0.458647 0.018532 0.176691
2 0.057734 0.219925 0.021383 0.313910
2 0.831433 0.105263 0.013543 0.152256