0 0.744716 0.870777 0.119241 0.247777
0 0.582114 0.791938 0.161518 0.405453
0 0.615447 0.393005 0.048238 0.174274
0 0.180488 0.046828 0.030352 0.048607
0 0.285095 0.312389 0.515989 0.579728
0 0.815447 0.508298 0.257452 0.972733
0 0.713279 0.041494 0.030352 0.039123
0 0.580216 0.129520 0.099187 0.215175
0 0.448510 0.041494 0.026559 0.039123
0 0.314364 0.129816 0.101897 0.215768
1 0.871003 0.749556 0.037940 0.005335
1 0.792412 0.749556 0.046612 0.005335
1 0.686450 0.749556 0.046070 0.005335
1 0.791328 0.640486 0.044444 0.020747
1 0.477236 0.595732 0.047154 0.013041
1 0.837669 0.564019 0.010298 0.045644
1 0.811653 0.465323 0.038482 0.029638
1 0.669647 0.465323 0.067751 0.029638
1 0.567209 0.465323 0.047155 0.029638
1 0.708130 0.426793 0.005962 0.042680
1 0.663143 0.368999 0.046071 0.005335
1 0.333333 0.272377 0.024932 0.068168
1 0.614092 0.271488 0.018428 0.067576
2 0.839566 0.975696 0.069377 0.037937
2 0.651220 0.975696 0.066667 0.037937
2 0.229540 0.046828 0.066667 0.048607
2 0.130624 0.046828 0.068293 0.048607
2 0.763686 0.041494 0.069377 0.039123
2 0.663957 0.041494 0.067209 0.039123
2 0.496206 0.041494 0.067750 0.039123
2 0.400271 0.041494 0.068834 0.039123