0 0.347631 0.791415 0.047880 0.163648
0 0.507980 0.788732 0.101246 0.169014
0 0.769825 0.715291 0.046384 0.315895
0 0.885037 0.714286 0.107232 0.317907
0 0.667331 0.713280 0.127681 0.319919
0 0.682044 0.457747 0.101247 0.066399
0 0.473566 0.396043 0.183042 0.254192
0 0.110474 0.286385 0.085287 0.036218
0 0.389775 0.162307 0.012469 0.018779
0 0.827681 0.161301 0.001496 0.018108
0 0.782295 0.318913 0.008479 0.333333
0 0.656359 0.180416 0.054863 0.059021
0 0.588280 0.101274 0.029427 0.054997
0 0.445886 0.082831 0.014963 0.018109
0 0.290025 0.523139 0.444389 0.898726
0 0.188279 0.082831 0.002494 0.018109
0 0.080049 0.150905 0.024439 0.154259
0 0.885286 0.293763 0.106733 0.441315
1 0.159103 0.963112 0.123691 0.018780
1 0.579800 0.864185 0.046385 0.018108
1 0.581296 0.726359 0.044389 0.006707
1 0.524688 0.726359 0.028928 0.006707
1 0.328429 0.683434 0.004488 0.050972
1 0.480299 0.677398 0.004988 0.052314
1 0.808977 0.561033 0.043891 0.007378
1 0.753865 0.561033 0.044389 0.007378
1 0.509726 0.547284 0.004987 0.046948
1 0.435910 0.544266 0.004988 0.040912
1 0.840898 0.534205 0.004988 0.040912
1 0.074564 0.521798 0.013467 0.059021
1 0.327431 0.513749 0.007481 0.048290
1 0.808977 0.481892 0.044887 0.007377
1 0.755362 0.481892 0.044389 0.007377
1 0.361097 0.443327 0.040898 0.008049
1 0.180050 0.411469 0.003990 0.030181
1 0.174813 0.285714 0.042394 0.008048
1 0.363341 0.162642 0.039401 0.018109
1 0.806733 0.161301 0.039402 0.018108
1 0.208977 0.082831 0.037905 0.018109
2 0.835411 0.864185 0.083791 0.018108
2 0.704738 0.864185 0.082793 0.018108
2 0.414464 0.864185 0.084788 0.018108
2 0.286284 0.864185 0.073815 0.018108
2 0.931421 0.535547 0.014463 0.040912
2 0.074564 0.326962 0.013467 0.043595
2 0.074564 0.248156 0.013467 0.038900
2 0.296509 0.162642 0.090274 0.018109
2 0.876060 0.161301 0.094264 0.018108
2 0.731421 0.161301 0.094265 0.018108
2 0.608229 0.122736 0.059351 0.080483
2 0.416958 0.122401 0.060848 0.085178
2 0.513466 0.082831 0.119202 0.018109
2 0.139651 0.082831 0.093766 0.018109