0 0.091246 0.783568 0.044389 0.029108
0 0.392726 0.818779 0.647349 0.276057
0 0.276203 0.482629 0.414303 0.300470
0 0.758939 0.237089 0.006165 0.027230
0 0.105426 0.249296 0.072749 0.051643
0 0.625154 0.501878 0.653514 0.909860
1 0.769421 0.949766 0.103575 0.014085
1 0.685574 0.808920 0.012331 0.070422
1 0.477805 0.643662 0.011098 0.072300
1 0.477805 0.492958 0.011098 0.069484
1 0.815043 0.237089 0.103576 0.027230
2 0.091246 0.821596 0.044389 0.045070
2 0.091246 0.700939 0.044389 0.134272
2 0.091246 0.303756 0.044389 0.055399
2 0.682491 0.237089 0.144266 0.027230
2 0.220098 0.237089 0.154131 0.027230