0 0.190208 0.829060 0.356152 0.136752
0 0.714471 0.762286 0.536395 0.270299
0 0.068458 0.627136 0.112651 0.132479
0 0.688475 0.484509 0.354420 0.144231
0 0.185009 0.519231 0.345754 0.331197
0 0.849221 0.322115 0.032929 0.003205
0 0.496967 0.143697 0.969670 0.272436
1 0.407712 0.877137 0.078856 0.040598
1 0.407279 0.786859 0.076256 0.013888
1 0.353120 0.722756 0.009532 0.073718
1 0.157713 0.674145 0.064125 0.019231
1 0.517331 0.583867 0.012132 0.084401
1 0.353120 0.552350 0.009532 0.072649
1 0.849221 0.368055 0.032929 0.086539
1 0.353120 0.321581 0.009532 0.081196
2 0.024264 0.727564 0.024263 0.066240
2 0.849221 0.652778 0.032929 0.190171
2 0.024264 0.526709 0.024263 0.066239
2 0.024264 0.253205 0.024263 0.198718
2 0.849221 0.204060 0.032929 0.230769