0 0.740916 0.869691 0.006319 0.028761
0 0.689574 0.851992 0.030015 0.064159
0 0.261256 0.762390 0.006714 0.131859
0 0.665285 0.789823 0.073065 0.188496
0 0.772709 0.775000 0.063586 0.218142
0 0.640798 0.612832 0.103870 0.030974
0 0.234202 0.669247 0.377567 0.432301
0 0.850908 0.667036 0.111769 0.434071
0 0.761256 0.525664 0.062796 0.155752
0 0.735387 0.408407 0.011058 0.005310
0 0.735387 0.336947 0.011058 0.004868
0 0.722946 0.222567 0.035940 0.075221
0 0.724921 0.071903 0.031990 0.043805
0 0.597157 0.467035 0.150869 0.834071
1 0.721169 0.877655 0.033966 0.012832
1 0.721169 0.857743 0.032386 0.004867
1 0.349329 0.851106 0.005924 0.027876
1 0.261256 0.846681 0.006714 0.035841
1 0.699053 0.805974 0.005529 0.026991
1 0.699053 0.732743 0.005529 0.024779
1 0.806082 0.669026 0.030016 0.006195
1 0.261256 0.678319 0.006714 0.035399
1 0.828594 0.633849 0.005530 0.024337
1 0.235189 0.601770 0.034361 0.007080
1 0.779621 0.600442 0.030016 0.006195
1 0.572867 0.600442 0.031201 0.006195
1 0.122433 0.575000 0.010268 0.028762
1 0.735387 0.429424 0.011058 0.035841
1 0.688783 0.255310 0.031595 0.005310
1 0.609004 0.215708 0.004739 0.024336
1 0.592220 0.199115 0.028041 0.005310
2 0.840837 0.877655 0.071880 0.012832
2 0.763626 0.877655 0.038309 0.012832
2 0.662520 0.877655 0.023302 0.012832
2 0.593602 0.877655 0.069510 0.012832
2 0.095182 0.876106 0.034755 0.018584
2 0.831754 0.456195 0.077409 0.012389
2 0.735387 0.372567 0.011058 0.065487
2 0.735387 0.297345 0.011058 0.073452
2 0.735387 0.139381 0.011058 0.090265
2 0.689968 0.056195 0.037125 0.012389