0 0.723757 0.870337 0.416732 0.086441
0 0.582479 0.751332 0.009471 0.063943
0 0.754933 0.623446 0.354380 0.068680
0 0.218232 0.649496 0.340174 0.528123
0 0.353197 0.396980 0.044989 0.027827
0 0.754933 0.439609 0.354380 0.185317
0 0.358722 0.282416 0.033939 0.013025
0 0.636937 0.083185 0.590371 0.068087
1 0.451854 0.900829 0.125493 0.025459
1 0.325966 0.856128 0.009471 0.060390
1 0.252171 0.708112 0.067087 0.007105
1 0.325966 0.674956 0.009471 0.056839
1 0.582479 0.675252 0.009471 0.087034
1 0.582479 0.567200 0.009471 0.068679
1 0.364641 0.335998 0.022100 0.092955
2 0.915154 0.742452 0.033938 0.168147
2 0.915154 0.507993 0.033938 0.161042
2 0.248224 0.398165 0.163378 0.025459
2 0.915154 0.232090 0.033938 0.228538
2 0.358722 0.189757 0.033939 0.171107