0 0.433121 0.546563 0.055732 0.058389
0 0.430732 0.739837 0.488853 0.444937
0 0.658439 0.477457 0.033439 0.081301
0 0.526274 0.242424 0.297770 0.110865
0 0.378981 0.351071 0.592356 0.635625
1 0.552150 0.669993 0.074045 0.036216
1 0.148487 0.660385 0.074045 0.016999
1 0.354697 0.521434 0.099523 0.008130
1 0.139730 0.429416 0.066083 0.011826
1 0.343949 0.259054 0.065286 0.008130
1 0.146497 0.203991 0.066879 0.013304
2 0.658439 0.566888 0.033439 0.096083
2 0.658439 0.367332 0.033439 0.137472
2 0.658439 0.140429 0.033439 0.091648