0 0.226883 0.813271 0.013346 0.139615
0 0.303623 0.789343 0.061963 0.187469
0 0.236416 0.650716 0.030505 0.010853
0 0.317921 0.474347 0.033365 0.112975
0 0.732841 0.520474 0.418970 0.726197
0 0.315300 0.164282 0.006196 0.013814
0 0.236892 0.258263 0.072450 0.201776
0 0.394900 0.446226 0.187322 0.873705
0 0.160153 0.503946 0.183031 0.989147
1 0.146091 0.933893 0.005243 0.039467
1 0.254051 0.876665 0.042898 0.012826
1 0.253098 0.808337 0.038132 0.005427
1 0.228075 0.723483 0.005243 0.038974
1 0.351525 0.698322 0.036702 0.005427
1 0.576025 0.624568 0.037655 0.010853
1 0.375835 0.633448 0.005243 0.038481
1 0.153718 0.608534 0.036702 0.005427
1 0.676835 0.538974 0.003813 0.038974
1 0.202097 0.509867 0.038132 0.005427
1 0.574595 0.474100 0.038608 0.010853
1 0.228075 0.475086 0.005243 0.039467
1 0.189228 0.387765 0.005720 0.038480
1 0.226406 0.356438 0.038132 0.005426
1 0.292659 0.164282 0.038131 0.013814
2 0.368446 0.876665 0.066730 0.012826
2 0.184700 0.876665 0.070067 0.012826
2 0.376310 0.164282 0.114871 0.013814
2 0.163966 0.164282 0.072450 0.013814