0 0.399010 0.607555 0.130693 0.137460
0 0.367822 0.641921 0.460396 0.227177
0 0.703960 0.425498 0.293069 0.501574
0 0.504456 0.183893 0.028713 0.018364
0 0.210891 0.425498 0.400000 0.501574
0 0.361386 0.229014 0.518812 0.309024
1 0.505445 0.667628 0.084159 0.017313
1 0.505941 0.585257 0.081188 0.005772
1 0.403961 0.516002 0.013861 0.044596
1 0.564356 0.504984 0.013861 0.045645
1 0.221782 0.405561 0.009901 0.043022
1 0.169802 0.278069 0.080198 0.007345
1 0.560891 0.183893 0.082178 0.018364
2 0.677723 0.667628 0.157426 0.017313
2 0.255445 0.667628 0.154455 0.017313
2 0.697524 0.183893 0.151485 0.018364
2 0.412377 0.183893 0.153465 0.018364
2 0.082673 0.183893 0.036634 0.018364