0 0.355580 0.889204 0.358862 0.077111
0 0.359409 0.558035 0.366521 0.450487
0 0.800876 0.561689 0.319475 0.720779
0 0.538293 0.331575 0.037199 0.260552
0 0.384573 0.142857 0.633479 0.230520
1 0.588075 0.912743 0.103939 0.018669
1 0.490700 0.816964 0.014223 0.065747
1 0.285011 0.723215 0.088622 0.012987
1 0.536105 0.499594 0.013130 0.073864
1 0.610504 0.215504 0.105033 0.028409
2 0.201313 0.813718 0.050328 0.125811
2 0.201313 0.295455 0.050328 0.073052
2 0.803063 0.215504 0.201313 0.028409
2 0.416849 0.215504 0.203502 0.028409