0 0.728314 0.888100 0.079806 0.026793
0 0.392089 0.835697 0.033310 0.131599
0 0.617974 0.783688 0.300486 0.235618
0 0.313324 0.735224 0.160306 0.332545
0 0.604788 0.540189 0.147814 0.137904
0 0.520125 0.126871 0.002082 0.028369
0 0.456280 0.169425 0.013185 0.113475
0 0.345940 0.295508 0.225538 0.365642
0 0.874046 0.468085 0.040944 0.866824
0 0.099931 0.468085 0.148508 0.866824
1 0.438585 0.888100 0.058293 0.026793
1 0.473977 0.818361 0.005551 0.044918
1 0.598542 0.811662 0.009021 0.048857
1 0.437196 0.776202 0.059681 0.006304
1 0.390701 0.745863 0.005552 0.046494
1 0.356003 0.715524 0.040250 0.006304
1 0.473977 0.700945 0.005551 0.044917
1 0.675573 0.637510 0.006245 0.055162
1 0.203678 0.571710 0.057598 0.005516
1 0.167592 0.539401 0.006246 0.046494
1 0.494795 0.475177 0.070784 0.006304
1 0.203678 0.475177 0.057598 0.006304
1 0.781402 0.474783 0.205413 0.007092
1 0.455240 0.303783 0.005551 0.153665
1 0.490978 0.126871 0.054823 0.028369
2 0.810895 0.888100 0.083970 0.026793
2 0.645038 0.888100 0.085358 0.026793
2 0.318182 0.888100 0.113116 0.026793
2 0.170368 0.888100 0.128383 0.026793
2 0.696738 0.126871 0.349757 0.028369
2 0.363984 0.126871 0.170021 0.028369
2 0.159264 0.126871 0.151977 0.028369