0 0.638289 0.708915 0.060223 0.051295
0 0.453159 0.742529 0.168773 0.202191
0 0.618216 0.576444 0.008179 0.094124
0 0.823792 0.482321 0.081784 0.504482
0 0.750185 0.238048 0.007435 0.015936
0 0.650558 0.238048 0.007435 0.015936
0 0.489220 0.126494 0.130855 0.247012
0 0.356134 0.368775 0.325650 0.731574
1 0.493309 0.810259 0.009665 0.041832
1 0.572863 0.726344 0.069145 0.016435
1 0.498885 0.660110 0.055019 0.026395
1 0.432714 0.619771 0.005948 0.042330
1 0.498885 0.507470 0.032714 0.039840
1 0.342007 0.492032 0.005948 0.042828
1 0.267286 0.398406 0.048327 0.003984
1 0.515985 0.271913 0.005948 0.042829
1 0.786617 0.238048 0.063940 0.015936
2 0.725650 0.726344 0.113011 0.016435
2 0.311896 0.726344 0.112268 0.016435
2 0.700372 0.238048 0.090706 0.015936
2 0.600744 0.238048 0.090707 0.015936
2 0.366914 0.238048 0.112267 0.015936