0 0.451441 0.462869 0.051227 0.254324
0 0.284952 0.111394 0.006404 0.015259
0 0.689968 0.487793 0.530416 0.926755
0 0.635539 0.132248 0.045892 0.215666
0 0.247065 0.487793 0.387406 0.926755
1 0.374600 0.944557 0.098186 0.013225
1 0.432231 0.687690 0.012807 0.032553
1 0.536820 0.663275 0.046959 0.012207
1 0.283351 0.623602 0.016008 0.065107
1 0.370331 0.614445 0.140875 0.079349
1 0.651014 0.287894 0.014942 0.093591
1 0.321238 0.111394 0.064034 0.015259
1 0.433298 0.076806 0.014941 0.051882
2 0.176094 0.111394 0.209178 0.015259
2 0.737993 0.032045 0.156883 0.015259
2 0.526681 0.032045 0.169690 0.015259