0 0.691458 0.758940 0.029456 0.163995
0 0.225332 0.564118 0.022091 0.043157
0 0.225699 0.438348 0.021355 0.011097
0 0.871870 0.573983 0.225331 0.309494
0 0.801914 0.271887 0.365243 0.363749
0 0.387703 0.495684 0.629603 0.811344
1 0.548601 0.725031 0.030928 0.064118
1 0.739691 0.710234 0.065537 0.036991
1 0.658689 0.646732 0.049337 0.080148
1 0.891016 0.522195 0.044183 0.016030
1 0.225332 0.493218 0.022091 0.096178
1 0.740427 0.478421 0.049338 0.081381
2 0.691458 0.856966 0.022092 0.029593
2 0.225332 0.659063 0.022091 0.146732
2 0.970913 0.342170 0.027246 0.151664
2 0.226067 0.340937 0.022091 0.181258
2 0.597570 0.112823 0.041974 0.045623