0 0.372571 0.903201 0.020571 0.019509
0 0.572000 0.744122 0.101714 0.138570
0 0.177142 0.622061 0.009143 0.005502
0 0.541143 0.596799 0.010286 0.053027
0 0.594858 0.311906 0.030857 0.018510
0 0.426857 0.378189 0.088000 0.151076
0 0.791428 0.426213 0.094857 0.774387
0 0.269714 0.475988 0.397714 0.873936
1 0.374285 0.868184 0.017143 0.049524
1 0.466857 0.805903 0.115428 0.015008
1 0.466286 0.745623 0.107429 0.004502
1 0.337714 0.715108 0.010286 0.044523
1 0.254857 0.688594 0.091428 0.004502
1 0.541143 0.649074 0.010286 0.050525
1 0.227429 0.622061 0.089143 0.005502
1 0.420000 0.597549 0.010286 0.038519
1 0.420000 0.476739 0.010286 0.045023
1 0.525143 0.311906 0.106286 0.018510
2 0.345715 0.910705 0.030857 0.004502
2 0.683428 0.805903 0.118857 0.015008
2 0.142286 0.622061 0.058286 0.005502
2 0.696572 0.311906 0.170285 0.018510
2 0.293142 0.311906 0.177143 0.018510