0 0.385010 0.811269 0.371557 0.226477
0 0.784112 0.637855 0.307495 0.253829
0 0.206598 0.371444 0.014734 0.005470
0 0.807495 0.407549 0.260730 0.095186
0 0.484945 0.344639 0.905829 0.549234
1 0.600577 0.755470 0.058296 0.018599
1 0.509289 0.708971 0.044843 0.013129
1 0.456118 0.650985 0.007688 0.091904
1 0.680974 0.466083 0.007687 0.087528
1 0.206598 0.416849 0.014734 0.083151
1 0.680974 0.348469 0.007687 0.086433
1 0.609545 0.294311 0.051890 0.013129
2 0.206598 0.721006 0.014734 0.201313
2 0.929532 0.557986 0.016656 0.203501
2 0.929532 0.254377 0.016656 0.208971
2 0.206598 0.247812 0.014734 0.239606