0 0.432304 0.878362 0.080760 0.018530
0 0.580167 0.826958 0.022565 0.206217
0 0.436461 0.761806 0.070071 0.090257
0 0.650832 0.657501 0.144893 0.044231
0 0.584917 0.456665 0.013064 0.135087
0 0.574228 0.249253 0.020190 0.014346
0 0.442993 0.249253 0.054632 0.014346
0 0.243468 0.484758 0.339668 0.805738
0 0.746437 0.484459 0.336104 0.806336
1 0.520784 0.878362 0.093824 0.018530
1 0.520784 0.804244 0.096200 0.005380
1 0.584917 0.701734 0.013064 0.043037
1 0.407363 0.693664 0.011877 0.044830
1 0.754157 0.640466 0.059382 0.005380
1 0.584917 0.621339 0.013064 0.026898
1 0.407363 0.607292 0.011877 0.031082
1 0.231592 0.557979 0.064133 0.006575
1 0.584917 0.549014 0.013064 0.048416
1 0.407363 0.531679 0.011877 0.038853
1 0.517221 0.249253 0.091449 0.014346
2 0.685867 0.878362 0.186460 0.018530
2 0.294537 0.878362 0.192399 0.018530
2 0.697150 0.249253 0.223278 0.014346
2 0.299287 0.249253 0.230403 0.014346