0 0.814785 0.806199 0.012547 0.032016
0 0.700491 0.721390 0.076378 0.201635
0 0.217131 0.721390 0.048009 0.204359
0 0.354610 0.547684 0.077468 0.027248
0 0.683306 0.535763 0.040916 0.057902
0 0.232133 0.433583 0.007092 0.105586
0 0.155483 0.291212 0.003273 0.012943
0 0.624386 0.288488 0.003819 0.014305
0 0.230496 0.206404 0.044189 0.182561
0 0.611020 0.468324 0.224768 0.707766
0 0.132842 0.469005 0.205674 0.709128
0 0.379706 0.518733 0.172395 0.818120
0 0.850245 0.464918 0.171849 0.714578
1 0.325422 0.872956 0.008183 0.056539
1 0.267321 0.808242 0.051282 0.014305
1 0.267594 0.755449 0.051828 0.008175
1 0.815330 0.763965 0.008184 0.051090
1 0.369067 0.735354 0.006001 0.044278
1 0.369067 0.677793 0.006001 0.042234
1 0.742771 0.627725 0.042007 0.008856
1 0.666394 0.592643 0.007092 0.054496
1 0.232133 0.589919 0.007092 0.057221
1 0.232133 0.515327 0.007092 0.056540
1 0.700763 0.477861 0.006001 0.056540
1 0.785597 0.433924 0.007637 0.050409
1 0.747408 0.374660 0.046917 0.008175
1 0.232133 0.339237 0.007092 0.081744
1 0.182760 0.291212 0.050191 0.012943
1 0.652755 0.288488 0.051828 0.014305
2 0.143481 0.812329 0.098199 0.022479
2 0.773595 0.811308 0.068740 0.021798
2 0.612384 0.811308 0.098746 0.021798
2 0.857337 0.809265 0.071467 0.025885
2 0.118386 0.291212 0.069831 0.012943
2 0.588380 0.288488 0.067103 0.014305
2 0.328969 0.123297 0.151664 0.016348
2 0.798691 0.122615 0.149482 0.016349