0 0.849098 0.642415 0.258483 0.178534
0 0.432852 0.688854 0.438268 0.486069
0 0.429963 0.442208 0.094585 0.009288
0 0.144765 0.449948 0.179783 0.101135
0 0.850903 0.392157 0.254873 0.222910
0 0.224187 0.294117 0.020939 0.039215
0 0.489169 0.186275 0.978339 0.325077
1 0.641155 0.871517 0.008664 0.085656
1 0.685921 0.715170 0.066426 0.033024
1 0.685921 0.568111 0.066426 0.009288
1 0.727076 0.510836 0.007220 0.082560
1 0.579061 0.344169 0.059206 0.009288
1 0.224187 0.356553 0.020939 0.083592
1 0.727076 0.337978 0.007220 0.085655
1 0.615884 0.174922 0.008665 0.060887
2 0.966787 0.562952 0.023104 0.116615
2 0.224187 0.559856 0.020939 0.116615
2 0.966787 0.201755 0.023104 0.155831
2 0.224187 0.198142 0.020939 0.150671