0 0.802509 0.861441 0.002183 0.029661
0 0.536007 0.861441 0.002727 0.029661
0 0.280687 0.861441 0.001637 0.029661
0 0.749864 0.830509 0.069285 0.091525
0 0.368795 0.772034 0.046917 0.208474
0 0.481996 0.771610 0.069285 0.209322
0 0.607747 0.724576 0.301146 0.303390
0 0.396618 0.458475 0.141844 0.015255
0 0.572558 0.396186 0.027823 0.119491
0 0.761321 0.180932 0.006001 0.031356
0 0.665849 0.180932 0.006001 0.031356
0 0.573923 0.180932 0.085107 0.031356
0 0.464539 0.180932 0.001636 0.031356
0 0.325423 0.318644 0.235134 0.315254
0 0.880796 0.511017 0.132569 0.862712
0 0.205401 0.097034 0.045280 0.034746
0 0.223677 0.511017 0.330606 0.862712
1 0.428806 0.861441 0.036007 0.029661
1 0.400982 0.861441 0.017458 0.029661
1 0.429078 0.740678 0.038734 0.015254
1 0.400709 0.740678 0.015821 0.015254
1 0.723677 0.757203 0.010366 0.053390
1 0.178669 0.709745 0.038734 0.014407
1 0.462084 0.636017 0.009820 0.060170
1 0.655210 0.624577 0.009820 0.054237
1 0.383524 0.631356 0.010911 0.071186
1 0.786415 0.580932 0.055101 0.016102
1 0.182760 0.541950 0.036007 0.014407
1 0.214130 0.502543 0.012548 0.050847
1 0.262957 0.458475 0.026186 0.015255
1 0.283415 0.278813 0.010366 0.047457
1 0.639661 0.180932 0.045281 0.031356
1 0.217948 0.137711 0.020185 0.044915
2 0.840153 0.861441 0.072013 0.029661
2 0.792963 0.861441 0.015821 0.029661
2 0.690125 0.861441 0.049099 0.029661
2 0.570376 0.861441 0.064921 0.029661
2 0.525641 0.861441 0.016912 0.029661
2 0.313420 0.861441 0.062739 0.029661
2 0.269231 0.861441 0.020186 0.029661
2 0.811784 0.180932 0.093836 0.031356
2 0.713584 0.180932 0.088380 0.031356
2 0.498363 0.180932 0.064921 0.031356
2 0.453355 0.180932 0.019640 0.031356
2 0.149754 0.095339 0.064921 0.031356