0 0.225077 0.836695 0.095975 0.055082
0 0.374304 0.841155 0.134365 0.162529
0 0.698452 0.822537 0.398762 0.199767
0 0.803405 0.646432 0.021671 0.005819
0 0.305882 0.692203 0.257585 0.140807
0 0.592260 0.624515 0.087306 0.008534
0 0.845201 0.573894 0.105263 0.067883
0 0.305882 0.525407 0.257585 0.173390
0 0.801858 0.411172 0.024767 0.111715
0 0.318886 0.387316 0.283591 0.097362
0 0.223839 0.308766 0.093498 0.079131
0 0.365945 0.269395 0.188235 0.074088
0 0.189474 0.239139 0.024768 0.013576
0 0.663158 0.283553 0.302167 0.235066
0 0.726316 0.112102 0.175851 0.114817
1 0.470588 0.857448 0.056966 0.013577
1 0.470279 0.769007 0.056347 0.004266
1 0.431269 0.742630 0.006811 0.033747
1 0.431269 0.674554 0.006811 0.034135
1 0.431269 0.629363 0.006811 0.033747
1 0.803405 0.625679 0.021671 0.034911
1 0.431269 0.420675 0.006811 0.035298
1 0.763777 0.398952 0.050154 0.004267
1 0.486378 0.398952 0.050155 0.004267
1 0.421053 0.321761 0.006192 0.032972
1 0.285139 0.317882 0.039009 0.027540
1 0.487307 0.239139 0.053251 0.013576
1 0.383591 0.239139 0.051393 0.013576
1 0.649226 0.186966 0.021672 0.034135
2 0.290093 0.857448 0.032818 0.013577
2 0.187926 0.785880 0.021672 0.045771
2 0.803405 0.685997 0.021671 0.072537
2 0.187926 0.599302 0.021672 0.044220
2 0.803405 0.503491 0.021671 0.072149
2 0.187926 0.466059 0.021672 0.059348
2 0.187926 0.359387 0.021672 0.021334
2 0.803405 0.324670 0.021671 0.060512
2 0.187926 0.257564 0.021672 0.022498
2 0.236842 0.239139 0.068730 0.013576
2 0.803405 0.142358 0.021671 0.046547