0 0.671489 0.900724 0.414256 0.131029
0 0.460127 0.755225 0.053634 0.021704
0 0.218772 0.700161 0.306280 0.270096
0 0.104446 0.606913 0.077628 0.125402
0 0.859916 0.540595 0.037403 0.007235
0 0.713832 0.639872 0.496118 0.245981
0 0.281581 0.463827 0.155258 0.064309
0 0.649612 0.340032 0.458010 0.467846
0 0.472477 0.163585 0.237826 0.114952
0 0.142202 0.276125 0.153140 0.340032
1 0.568454 0.842042 0.045871 0.010450
1 0.469301 0.800643 0.009880 0.067524
1 0.402611 0.757637 0.059986 0.010450
1 0.476359 0.719453 0.021171 0.049839
1 0.353211 0.709808 0.007762 0.051447
1 0.174312 0.627814 0.060692 0.009647
1 0.483415 0.609325 0.007057 0.069132
1 0.859916 0.576367 0.037403 0.062701
1 0.353211 0.530547 0.007762 0.067524
1 0.389908 0.436093 0.059986 0.008842
1 0.173959 0.436093 0.058574 0.008842
1 0.470713 0.258441 0.009880 0.073151
2 0.859916 0.814309 0.037403 0.101286
2 0.082569 0.695337 0.033874 0.049839
2 0.082569 0.495177 0.033874 0.096463
2 0.859916 0.486335 0.037403 0.099679
2 0.659139 0.127009 0.134086 0.041801
2 0.286168 0.127009 0.133380 0.041801