0 0.747195 0.875344 0.052480 0.008271
0 0.715888 0.764277 0.419109 0.328870
0 0.603330 0.633320 0.073833 0.066956
0 0.523887 0.637652 0.042346 0.075621
0 0.467789 0.670737 0.098082 0.141789
0 0.575643 0.566955 0.023525 0.002757
0 0.574918 0.529540 0.024249 0.002757
0 0.376583 0.505711 0.034383 0.037022
0 0.264568 0.505317 0.047775 0.036234
0 0.327724 0.430878 0.002533 0.010240
0 0.359573 0.391493 0.035106 0.005514
0 0.375498 0.396022 0.098805 0.114612
0 0.196526 0.385585 0.186753 0.130760
0 0.709374 0.379677 0.059356 0.129972
0 0.760587 0.319811 0.011943 0.012604
0 0.361926 0.269988 0.128845 0.099646
0 0.174267 0.269201 0.139342 0.104371
0 0.277597 0.111264 0.044879 0.031115
0 0.725842 0.199881 0.027869 0.209925
0 0.495838 0.108507 0.027506 0.027964
0 0.730366 0.226664 0.327181 0.439150
0 0.496200 0.021466 0.026782 0.029539
0 0.223670 0.094525 0.407528 0.177235
1 0.688925 0.891887 0.006152 0.039779
1 0.709917 0.869437 0.023525 0.011422
1 0.805827 0.781410 0.010496 0.037810
1 0.777959 0.748720 0.036554 0.006302
1 0.671191 0.702442 0.024249 0.006696
1 0.511582 0.695353 0.009772 0.038991
1 0.605683 0.682553 0.006153 0.030721
1 0.553565 0.661087 0.024972 0.005908
1 0.763844 0.606144 0.061889 0.012604
1 0.484619 0.606144 0.035469 0.012604
1 0.307275 0.508862 0.036916 0.010240
1 0.308180 0.430878 0.035831 0.010240
1 0.773254 0.331823 0.020630 0.020875
1 0.323923 0.331823 0.011582 0.025601
1 0.701231 0.309964 0.025697 0.019693
1 0.747014 0.306814 0.022440 0.022844
1 0.249728 0.307404 0.016649 0.028751
1 0.674991 0.303860 0.018820 0.028752
1 0.747738 0.284167 0.020992 0.005908
1 0.237062 0.109689 0.035469 0.010634
1 0.758596 0.112249 0.036916 0.016542
1 0.702497 0.112249 0.036193 0.016542
2 0.511582 0.763883 0.010496 0.043718
2 0.650742 0.606144 0.020268 0.012604
2 0.556461 0.606144 0.022077 0.012604
2 0.342925 0.508862 0.032211 0.010240
2 0.381470 0.470264 0.008687 0.033084
2 0.254796 0.469083 0.010133 0.035447
2 0.345096 0.430878 0.031488 0.010240
2 0.756787 0.428909 0.034745 0.010240
2 0.668839 0.428909 0.022439 0.010240
2 0.120341 0.351713 0.012667 0.059866
2 0.409880 0.326507 0.014839 0.023631
2 0.409880 0.201655 0.014839 0.036235
2 0.118712 0.187870 0.009410 0.057503
2 0.327904 0.109689 0.055013 0.010634
2 0.192725 0.109689 0.051755 0.010634
2 0.799312 0.112249 0.043793 0.016542
2 0.661600 0.112249 0.043431 0.016542