0 0.612112 0.847400 0.321877 0.199215
0 0.268139 0.775761 0.284233 0.342493
0 0.761047 0.533366 0.024005 0.012758
0 0.524277 0.489205 0.007638 0.046124
0 0.210857 0.500000 0.169667 0.085378
0 0.678396 0.414623 0.345336 0.515211
0 0.258865 0.336604 0.265685 0.359175
1 0.430715 0.936212 0.039825 0.021590
1 0.524277 0.707556 0.007638 0.078509
1 0.375069 0.622178 0.037643 0.013739
1 0.761047 0.578999 0.024005 0.076546
1 0.290780 0.565751 0.007638 0.075564
1 0.524277 0.569676 0.007638 0.112856
1 0.317240 0.505397 0.042007 0.021589
1 0.524277 0.384691 0.007638 0.160942
2 0.761047 0.761040 0.024005 0.175662
2 0.138025 0.644749 0.024004 0.202159
2 0.761047 0.439156 0.024005 0.173700
2 0.138025 0.353287 0.024004 0.206085
2 0.448718 0.178607 0.112930 0.043179