0 0.400483 0.874066 0.591459 0.087514
0 0.513699 0.699573 0.205479 0.073640
0 0.700241 0.568304 0.046737 0.009605
0 0.838437 0.574173 0.153908 0.687300
0 0.663175 0.401814 0.114424 0.342583
0 0.426269 0.241729 0.001612 0.022412
0 0.182111 0.464248 0.154714 0.467449
0 0.406930 0.336713 0.211120 0.671292
1 0.728848 0.906617 0.063658 0.022412
1 0.780419 0.733725 0.007252 0.071505
1 0.370669 0.667556 0.078968 0.009606
1 0.287671 0.667556 0.054794 0.009606
1 0.748590 0.568304 0.048348 0.009605
1 0.648670 0.568304 0.054795 0.009605
1 0.394440 0.241729 0.060436 0.022412
2 0.113215 0.774280 0.016922 0.150481
2 0.767527 0.241729 0.092667 0.022412
2 0.558823 0.241729 0.092667 0.022412
2 0.439162 0.241729 0.022562 0.022412
2 0.243755 0.241729 0.113618 0.022412