0 0.376608 0.759947 0.032748 0.206012
0 0.517544 0.751547 0.061988 0.222812
0 0.698246 0.491600 0.339181 0.742705
0 0.625731 0.137047 0.046784 0.033598
0 0.480117 0.137047 0.054970 0.033598
0 0.283626 0.491600 0.207018 0.742705
1 0.438011 0.847038 0.094737 0.031830
1 0.443275 0.742263 0.098246 0.009725
1 0.326900 0.671088 0.071345 0.010611
1 0.380117 0.622901 0.014036 0.066313
1 0.535087 0.601680 0.012865 0.075154
1 0.554971 0.137047 0.092398 0.033598
2 0.633333 0.847038 0.167251 0.031830
2 0.321638 0.847038 0.074853 0.031830
2 0.718714 0.137047 0.136843 0.033598
2 0.364912 0.137047 0.173099 0.033598