0 0.685800 0.806123 0.047619 0.027611
0 0.909651 0.792617 0.057398 0.054622
0 0.796131 0.803422 0.083758 0.286315
0 0.621599 0.754802 0.150510 0.383554
0 0.466199 0.691477 0.143282 0.256903
0 0.855654 0.629952 0.165391 0.201080
0 0.855654 0.411764 0.165391 0.168067
0 0.193877 0.293817 0.007653 0.021009
0 0.230867 0.608043 0.321429 0.653061
0 0.849064 0.230492 0.178571 0.126050
0 0.718325 0.178872 0.005527 0.022809
0 0.670493 0.178872 0.005102 0.022809
0 0.620323 0.178872 0.004252 0.022809
0 0.572279 0.178872 0.005102 0.022809
0 0.438988 0.305222 0.176446 0.275510
0 0.282313 0.307323 0.089286 0.279712
1 0.175808 0.923169 0.121174 0.022809
1 0.731931 0.808523 0.043793 0.022809
1 0.775936 0.632353 0.005953 0.054622
1 0.693877 0.611644 0.005953 0.056423
1 0.557398 0.567227 0.038266 0.008404
1 0.410927 0.567227 0.037840 0.008404
1 0.775936 0.510204 0.005953 0.056422
1 0.281675 0.474490 0.013180 0.053421
1 0.330995 0.438775 0.038690 0.008403
1 0.346301 0.309724 0.037840 0.008404
1 0.217687 0.293817 0.039116 0.021009
1 0.740434 0.178872 0.037840 0.022809
2 0.859481 0.808523 0.042092 0.022809
2 0.639243 0.808523 0.044643 0.022809
2 0.524873 0.808523 0.042091 0.022809
2 0.373087 0.808523 0.042092 0.022809
2 0.930272 0.747899 0.016156 0.033614
2 0.930272 0.512605 0.016156 0.032413
2 0.930272 0.310624 0.016156 0.033013
2 0.168368 0.293817 0.042517 0.021009
2 0.694303 0.178872 0.041667 0.022809
2 0.645196 0.178872 0.044643 0.022809
2 0.596513 0.178872 0.042517 0.022809
2 0.548469 0.178872 0.041667 0.022809
2 0.348427 0.180372 0.042942 0.025810