0 0.317179 0.798272 0.487786 0.120935
0 0.774231 0.541158 0.330181 0.635163
0 0.530733 0.242886 0.018124 0.038618
0 0.375493 0.342479 0.066981 0.237805
0 0.221828 0.461382 0.300236 0.475610
0 0.625296 0.106199 0.010245 0.009146
0 0.394405 0.106199 0.011820 0.009146
1 0.596139 0.848069 0.068558 0.021342
1 0.773444 0.714939 0.005516 0.080284
1 0.367612 0.503049 0.008668 0.081301
1 0.574468 0.242886 0.067770 0.038618
2 0.088652 0.695122 0.030733 0.083334
2 0.465327 0.242886 0.111112 0.038618
2 0.286052 0.242886 0.110324 0.038618
2 0.509456 0.162094 0.241923 0.120935