0 0.179769 0.220881 0.003145 0.038352
0 0.268344 0.552557 0.469602 0.701704
0 0.785115 0.551847 0.402516 0.703125
0 0.764151 0.141336 0.171908 0.223011
0 0.474843 0.049006 0.002096 0.038352
0 0.276205 0.134943 0.223271 0.210227
1 0.543501 0.884233 0.078616 0.038352
1 0.353773 0.702415 0.011531 0.109375
1 0.687631 0.304688 0.012578 0.100853
1 0.222222 0.220881 0.079665 0.038352
2 0.121593 0.220881 0.111111 0.038352
2 0.881027 0.218750 0.059748 0.036932
2 0.627358 0.049006 0.099581 0.038352
2 0.526205 0.049006 0.098533 0.038352
2 0.430817 0.049006 0.083857 0.038352