0 0.578842 0.818408 0.005988 0.022886
0 0.519461 0.818408 0.002994 0.022886
0 0.366267 0.799503 0.187625 0.275621
0 0.256986 0.724876 0.086826 0.209951
0 0.635729 0.231841 0.001996 0.021890
0 0.580339 0.231841 0.002994 0.021890
0 0.467565 0.303980 0.104790 0.178110
0 0.275449 0.081094 0.003992 0.022885
0 0.216567 0.081094 0.003992 0.022885
0 0.165170 0.449751 0.210579 0.760199
0 0.593812 0.424875 0.359281 0.809951
0 0.390219 0.084080 0.107785 0.128359
1 0.341317 0.818408 0.095809 0.022886
1 0.344311 0.681094 0.085829 0.008955
1 0.217066 0.681094 0.064870 0.008955
1 0.419162 0.626368 0.009980 0.068657
1 0.263972 0.584080 0.012974 0.069651
1 0.420659 0.430846 0.010978 0.073632
1 0.430140 0.181592 0.027944 0.064676
2 0.611776 0.818408 0.057885 0.022886
2 0.548403 0.818408 0.052894 0.022886
2 0.489022 0.818408 0.055888 0.022886
2 0.182635 0.818408 0.059880 0.022886
2 0.666667 0.231841 0.057884 0.021890
2 0.608283 0.231841 0.050899 0.021890
2 0.549401 0.231841 0.056886 0.021890
2 0.306886 0.081094 0.056886 0.022885
2 0.246008 0.081094 0.052894 0.022885
2 0.185629 0.081094 0.055888 0.022885