0 0.691474 0.828704 0.119942 0.298942
0 0.517702 0.774471 0.107659 0.407408
0 0.710983 0.594246 0.135838 0.049604
0 0.904985 0.773149 0.103323 0.410053
0 0.545881 0.383598 0.174133 0.161376
0 0.855492 0.113425 0.001445 0.024471
0 0.346459 0.282738 0.100433 0.363096
0 0.226878 0.341600 0.341041 0.480821
0 0.750361 0.232143 0.412572 0.452381
1 0.601517 0.685185 0.058526 0.007936
1 0.697254 0.649140 0.007225 0.058862
1 0.566113 0.611112 0.006503 0.037037
1 0.430636 0.576389 0.065029 0.011244
1 0.816113 0.573082 0.072977 0.007276
1 0.272038 0.508929 0.006503 0.036375
1 0.548049 0.461309 0.045520 0.005953
1 0.427746 0.461309 0.060693 0.005953
1 0.307804 0.461309 0.057803 0.005953
1 0.627167 0.275133 0.011561 0.054233
1 0.889090 0.113425 0.064307 0.024471
2 0.819365 0.964616 0.134393 0.027117
2 0.610911 0.964616 0.130781 0.027117
2 0.941835 0.513227 0.029624 0.108465
2 0.744220 0.113425 0.219653 0.024471
2 0.469292 0.113425 0.148122 0.024471
2 0.221821 0.113425 0.147399 0.024471