0 0.302534 0.835195 0.423249 0.226815
0 0.763785 0.665363 0.371088 0.162011
0 0.202682 0.561453 0.223547 0.217877
0 0.447839 0.505586 0.131148 0.204469
0 0.758941 0.361452 0.380775 0.488269
0 0.270492 0.205587 0.359166 0.176537
1 0.546199 0.738547 0.062593 0.015643
1 0.457526 0.736312 0.049180 0.011173
1 0.396423 0.664805 0.016393 0.111731
1 0.599479 0.663129 0.015649 0.112849
1 0.477272 0.602235 0.048435 0.011173
1 0.348361 0.569832 0.066319 0.015643
1 0.547690 0.560335 0.067064 0.018994
1 0.396423 0.348604 0.016393 0.107263
2 0.102086 0.759777 0.022355 0.176537
2 0.937407 0.435195 0.023845 0.296089
2 0.102086 0.359218 0.022355 0.184358
2 0.509315 0.135195 0.116989 0.035755