0 0.351903 0.811287 0.611413 0.115291
0 0.412591 0.611650 0.250905 0.109223
0 0.195200 0.421117 0.022645 0.007281
0 0.846015 0.461165 0.237319 0.815534
0 0.649457 0.313714 0.018115 0.520631
0 0.277627 0.337985 0.462862 0.569175
1 0.696105 0.860437 0.075182 0.016990
1 0.533967 0.709951 0.008152 0.084951
1 0.742753 0.622573 0.007247 0.082524
1 0.885417 0.628034 0.002717 0.098301
1 0.248188 0.568568 0.076087 0.008496
1 0.692935 0.566140 0.067029 0.015777
1 0.199275 0.475728 0.014493 0.099514
2 0.056160 0.716626 0.019927 0.185680
2 0.195200 0.253034 0.022645 0.326456
2 0.786685 0.066140 0.263587 0.025485
2 0.574728 0.066140 0.129529 0.025485