0 0.507236 0.735381 0.611991 0.249445
0 0.717781 0.596225 0.004824 0.015544
0 0.787388 0.605847 0.051688 0.051073
0 0.630945 0.595485 0.046175 0.045152
0 0.301516 0.449297 0.050310 0.155440
0 0.472432 0.398964 0.688491 0.572909
1 0.525155 0.739823 0.008270 0.079201
1 0.177808 0.694300 0.057891 0.044411
1 0.305996 0.620281 0.055134 0.010363
1 0.577878 0.614359 0.059959 0.010363
1 0.684356 0.596595 0.060648 0.016284
2 0.794969 0.684308 0.015852 0.104367
2 0.740868 0.595855 0.039973 0.016284
2 0.627498 0.374167 0.014473 0.394523
2 0.811164 0.361584 0.009649 0.435974