0 0.826040 0.860701 0.003861 0.021526
0 0.225868 0.860701 0.002145 0.021526
0 0.174174 0.860701 0.003432 0.021526
0 0.439296 0.858241 0.050622 0.026446
0 0.093308 0.834564 0.059631 0.073801
0 0.640498 0.808118 0.035178 0.126692
0 0.560060 0.837946 0.068211 0.186347
0 0.729301 0.806581 0.090090 0.129767
0 0.071214 0.722632 0.015444 0.007380
0 0.385885 0.719250 0.004719 0.064576
0 0.907979 0.755535 0.060489 0.231858
0 0.182111 0.590406 0.002145 0.006150
0 0.692192 0.587024 0.006435 0.009225
0 0.930716 0.561808 0.015015 0.001845
0 0.692192 0.501537 0.006435 0.006765
0 0.354997 0.692190 0.181467 0.477859
0 0.930716 0.453260 0.015015 0.070111
0 0.100815 0.529828 0.074646 0.225707
0 0.930716 0.343788 0.015015 0.002460
0 0.071214 0.335485 0.015444 0.006765
0 0.793222 0.227552 0.290004 0.083641
0 0.548477 0.283518 0.293866 0.195572
0 0.339768 0.289668 0.091806 0.207872
0 0.242385 0.248463 0.030888 0.125461
0 0.093951 0.222018 0.060918 0.072571
1 0.394251 0.860701 0.038610 0.021526
1 0.366151 0.860701 0.015873 0.021526
1 0.442514 0.833333 0.006435 0.022140
1 0.442514 0.794588 0.006435 0.052890
1 0.669026 0.749385 0.036465 0.009226
1 0.609824 0.749385 0.036465 0.009226
1 0.203561 0.590406 0.039897 0.006150
1 0.692192 0.571033 0.006435 0.021525
1 0.692192 0.532288 0.006435 0.053506
1 0.331188 0.423432 0.006864 0.058426
1 0.506864 0.371772 0.036466 0.009225
1 0.439082 0.371772 0.035607 0.009225
1 0.380952 0.371772 0.040326 0.009225
1 0.273487 0.307810 0.039897 0.006765
1 0.692192 0.280443 0.006435 0.057810
1 0.551910 0.242005 0.004719 0.057196
2 0.852853 0.860701 0.048906 0.021526
2 0.799228 0.860701 0.048906 0.021526
2 0.671172 0.860701 0.025311 0.021526
2 0.608537 0.860701 0.027885 0.021526
2 0.495281 0.860701 0.060490 0.021526
2 0.251823 0.860701 0.048906 0.021526
2 0.200343 0.860701 0.048048 0.021526
2 0.147790 0.860701 0.048477 0.021526
2 0.071214 0.761993 0.015444 0.070111
2 0.071214 0.680812 0.015444 0.075031
2 0.692192 0.666667 0.006435 0.148831
2 0.244315 0.590406 0.039039 0.006150
2 0.159588 0.590406 0.042042 0.006150
2 0.930716 0.601168 0.015015 0.075645
2 0.930716 0.524601 0.015015 0.071341
2 0.692192 0.439729 0.006435 0.115621
2 0.930716 0.381611 0.015015 0.071956
2 0.071214 0.377921 0.015444 0.076876
2 0.930716 0.305966 0.015015 0.071955
2 0.071214 0.295203 0.015444 0.072570
2 0.622266 0.196495 0.051051 0.021525
2 0.399184 0.196495 0.026169 0.021525
2 0.283354 0.196495 0.050193 0.021525
2 0.201630 0.196495 0.049764 0.021525
2 0.149935 0.196495 0.050193 0.021525