0 0.421073 0.837155 0.045211 0.215167
0 0.565517 0.760142 0.102682 0.249265
0 0.319157 0.755438 0.236782 0.258672
0 0.738698 0.744268 0.176245 0.281012
0 0.554407 0.497648 0.008429 0.135803
0 0.570115 0.329806 0.062836 0.017636
0 0.470881 0.329806 0.002299 0.017636
0 0.292720 0.369195 0.070498 0.096414
0 0.172030 0.456496 0.212261 0.856555
0 0.707280 0.306291 0.239081 0.557319
1 0.479693 0.877131 0.070499 0.007054
1 0.478927 0.788948 0.068966 0.005879
1 0.177011 0.754850 0.045977 0.005879
1 0.433717 0.705762 0.007663 0.046443
1 0.619157 0.638448 0.061302 0.005878
1 0.680459 0.608760 0.007663 0.046443
1 0.245977 0.602587 0.007662 0.045855
1 0.274330 0.455320 0.007663 0.074662
1 0.505364 0.329806 0.065134 0.017636
2 0.676246 0.875661 0.117241 0.018225
2 0.339464 0.875661 0.116475 0.018225
2 0.166666 0.875661 0.074329 0.018225
2 0.815325 0.585244 0.022989 0.035862
2 0.659770 0.329806 0.114942 0.017636
2 0.398851 0.329806 0.140230 0.017636
2 0.199617 0.329806 0.114176 0.017636