0 0.801880 0.823461 0.300873 0.262486
0 0.402619 0.800233 0.375420 0.308943
0 0.500000 0.511614 0.179314 0.026713
0 0.810611 0.511615 0.283412 0.226481
0 0.223640 0.260743 0.017462 0.003484
0 0.531565 0.340882 0.841504 0.537747
1 0.620887 0.945993 0.059771 0.017422
1 0.671928 0.644019 0.006045 0.094077
1 0.733043 0.587108 0.043653 0.010452
1 0.867696 0.450059 0.042981 0.010453
1 0.530893 0.459349 0.006044 0.094077
1 0.671928 0.398954 0.006045 0.080139
1 0.600067 0.352498 0.050370 0.010453
1 0.223640 0.214286 0.017462 0.087108
2 0.942579 0.729965 0.019476 0.207898
2 0.223640 0.731127 0.017462 0.240418
2 0.223640 0.347851 0.017462 0.168409
2 0.942579 0.291521 0.019476 0.211383