0 0.202815 0.776797 0.136916 0.400121
0 0.343250 0.738733 0.417786 0.476248
0 0.784389 0.457978 0.107486 0.038977
0 0.969290 0.450975 0.060141 0.052985
0 0.276072 0.435445 0.552143 0.084044
0 0.198657 0.369976 0.005759 0.050548
0 0.813820 0.301766 0.104927 0.186967
0 0.364043 0.275579 0.117723 0.199147
0 0.127320 0.290500 0.254639 0.254567
0 0.927063 0.188185 0.144594 0.375152
0 0.673064 0.239038 0.180423 0.476858
0 0.510236 0.158952 0.083813 0.316687
0 0.353807 0.045981 0.087012 0.090743
0 0.175623 0.038064 0.083813 0.074909
1 0.362444 0.916870 0.007038 0.044458
1 0.499040 0.663825 0.042227 0.006090
1 0.313180 0.663825 0.042866 0.006090
1 0.006718 0.439403 0.013436 0.042022
1 0.141715 0.438185 0.013436 0.045676
1 0.051504 0.405299 0.042867 0.012789
1 0.775752 0.416870 0.007038 0.042022
1 0.343890 0.399208 0.005758 0.046894
1 0.279911 0.295676 0.049265 0.005482
1 0.701535 0.249086 0.007037 0.041413
1 0.445617 0.230511 0.044146 0.005481
1 0.889315 0.211633 0.044785 0.006699
1 0.739283 0.211633 0.042867 0.006699
1 0.670826 0.211633 0.041587 0.006699
1 0.918426 0.126979 0.007038 0.070037
1 0.358285 0.133679 0.006398 0.083435
1 0.918426 0.039890 0.007038 0.029841
2 0.286948 0.970158 0.058222 0.013398
2 0.141395 0.552984 0.014076 0.046285
2 0.888676 0.470768 0.099808 0.013399
2 0.709852 0.470768 0.040307 0.013399
2 0.992962 0.400122 0.012796 0.047503
2 0.545106 0.355359 0.014075 0.074909
2 0.141075 0.119367 0.014716 0.086480
2 0.809022 0.007308 0.090211 0.013398
2 0.443379 0.007917 0.090851 0.014616
2 0.263916 0.007917 0.091491 0.014616