0 0.160151 0.684019 0.320301 0.111380
0 0.153007 0.552058 0.306015 0.050848
0 0.253383 0.453995 0.105263 0.046005
0 0.073308 0.435230 0.146617 0.009686
0 0.856767 0.425242 0.012782 0.005448
0 0.483835 0.494249 0.967669 0.490920
1 0.352256 0.734866 0.062406 0.009685
1 0.303007 0.602905 0.006015 0.049637
1 0.303007 0.501816 0.006015 0.048426
1 0.173684 0.434928 0.052632 0.006659
1 0.856767 0.453087 0.012782 0.049032
1 0.303007 0.406477 0.006015 0.047820
1 0.391730 0.377119 0.046617 0.006053
2 0.001504 0.652240 0.003008 0.149516
2 0.001504 0.501513 0.003008 0.121671
2 0.856767 0.342615 0.012782 0.158596
2 0.001504 0.345036 0.003008 0.169491