0 0.576552 0.646864 0.024828 0.157195
0 0.378621 0.646864 0.128276 0.157195
0 0.675862 0.130258 0.002758 0.024354
0 0.564828 0.265682 0.125517 0.295203
0 0.385517 0.130258 0.009655 0.024354
0 0.817931 0.486716 0.295172 0.955720
0 0.233103 0.367158 0.411035 0.716605
1 0.685517 0.782656 0.019310 0.070111
1 0.504138 0.708856 0.120000 0.015498
1 0.766896 0.573063 0.091035 0.009594
1 0.640690 0.573063 0.100689 0.009594
1 0.501379 0.573063 0.122759 0.009594
1 0.633793 0.409225 0.111724 0.008118
1 0.446207 0.130258 0.108966 0.024354
2 0.629655 0.713284 0.078621 0.024354
2 0.291724 0.713284 0.042758 0.024354
2 0.187586 0.713284 0.160000 0.024354
2 0.756552 0.130258 0.155862 0.024354
2 0.651034 0.130258 0.044137 0.024354
2 0.271724 0.130258 0.215172 0.024354
2 0.140000 0.130258 0.040000 0.024354