0 0.387877 0.898400 0.017644 0.011241
0 0.286852 0.897104 0.017075 0.013835
0 0.453045 0.896888 0.020490 0.014267
0 0.371088 0.793342 0.055777 0.010376
0 0.106432 0.769347 0.105863 0.063554
0 0.588218 0.759187 0.173591 0.083874
0 0.352020 0.733030 0.085941 0.044531
0 0.468696 0.758107 0.046101 0.096411
0 0.270062 0.756161 0.087081 0.098573
0 0.251281 0.624297 0.180421 0.099438
0 0.692943 0.624297 0.612977 0.353653
0 0.585373 0.498919 0.143996 0.102896
0 0.340638 0.494596 0.212293 0.094250
0 0.111838 0.568958 0.116676 0.242974
0 0.453329 0.356032 0.798521 0.162127
0 0.466420 0.282317 0.024474 0.037181
0 0.361981 0.279291 0.096756 0.037182
0 0.348036 0.082361 0.006261 0.010809
0 0.453329 0.184176 0.798521 0.309555
1 0.419749 0.898400 0.044963 0.011241
1 0.422311 0.793342 0.045532 0.010376
1 0.671315 0.750541 0.005122 0.023347
1 0.291690 0.713575 0.033580 0.005621
1 0.845190 0.711414 0.017075 0.028102
1 0.768070 0.711414 0.005123 0.028102
1 0.613830 0.710333 0.011952 0.030264
1 0.455037 0.693688 0.007398 0.031561
1 0.262948 0.690446 0.007968 0.031993
1 0.509675 0.690878 0.016505 0.051881
1 0.742459 0.665585 0.039271 0.003891
1 0.561753 0.648724 0.055776 0.008215
1 0.718270 0.646347 0.005692 0.025940
1 0.559476 0.635539 0.040979 0.006053
1 0.363972 0.635539 0.043825 0.006053
1 0.298521 0.635539 0.030165 0.006053
1 0.262664 0.619542 0.007399 0.025076
1 0.138304 0.589494 0.044394 0.005620
1 0.613830 0.562906 0.011952 0.024211
1 0.329255 0.558150 0.007399 0.031993
1 0.341491 0.336576 0.035288 0.004756
1 0.290268 0.336576 0.050085 0.004756
1 0.239613 0.336576 0.034150 0.004756
1 0.218839 0.318634 0.006260 0.029399
1 0.407228 0.314527 0.006261 0.032425
1 0.290552 0.282966 0.044963 0.004756
1 0.407228 0.243839 0.006261 0.032858
1 0.687536 0.179421 0.036425 0.006917
1 0.478941 0.162992 0.003984 0.028534
1 0.375071 0.082361 0.046670 0.010809
2 0.337222 0.898400 0.082527 0.011241
2 0.455891 0.848032 0.014798 0.082577
2 0.285714 0.847817 0.014798 0.083874
2 0.706318 0.794639 0.061469 0.012970
2 0.525042 0.794639 0.065453 0.012970
2 0.328400 0.793342 0.028457 0.010376
2 0.192942 0.794639 0.066021 0.012970
2 0.845190 0.747730 0.017075 0.017726
2 0.698349 0.732166 0.059191 0.012538
2 0.062037 0.714008 0.017075 0.046260
2 0.842630 0.629486 0.022197 0.013835
2 0.842630 0.606139 0.022197 0.014700
2 0.845190 0.567877 0.017075 0.035020
2 0.688674 0.453956 0.061468 0.012970
2 0.480079 0.453956 0.065453 0.012970
2 0.202333 0.453956 0.063175 0.012970
2 0.061184 0.251621 0.014229 0.045828
2 0.845760 0.255945 0.013660 0.070903
2 0.297667 0.082361 0.093341 0.010809