0 0.568966 0.751410 0.067049 0.120593
0 0.311303 0.666785 0.216475 0.289845
0 0.731322 0.223201 0.002874 0.024683
0 0.601533 0.223201 0.017241 0.024683
0 0.247126 0.511284 0.283525 0.600847
0 0.674330 0.441114 0.478927 0.741185
1 0.647988 0.800070 0.089081 0.023273
1 0.648467 0.695345 0.090039 0.008463
1 0.225575 0.665727 0.064176 0.008463
1 0.372605 0.490833 0.011494 0.060649
1 0.430077 0.453808 0.080460 0.007758
1 0.553161 0.223201 0.077586 0.024683
2 0.444924 0.800070 0.179119 0.023273
2 0.172893 0.800070 0.060345 0.023273
2 0.793103 0.223201 0.118774 0.024683
2 0.670019 0.223201 0.117816 0.024683
2 0.339560 0.223201 0.188697 0.024683