0 0.711124 0.661077 0.087321 0.139625
0 0.331340 0.650936 0.526316 0.159906
0 0.380383 0.518331 0.040670 0.010140
0 0.380383 0.443838 0.040670 0.010920
0 0.477273 0.272231 0.234450 0.106084
0 0.514953 0.490250 0.895933 0.935257
1 0.750000 0.840874 0.093302 0.009361
1 0.809211 0.719189 0.106459 0.023401
1 0.809808 0.649766 0.107655 0.007800
1 0.812201 0.518721 0.074162 0.007800
1 0.380383 0.481279 0.040670 0.062402
1 0.816388 0.300312 0.072967 0.010920
1 0.644139 0.259750 0.096890 0.007801
1 0.764354 0.121295 0.014354 0.047582
2 0.630981 0.719189 0.070574 0.023401
2 0.380383 0.547192 0.040670 0.046022
2 0.380383 0.381825 0.040670 0.111545
2 0.380383 0.161077 0.040670 0.114665