0 0.296017 0.954492 0.041667 0.029565
0 0.385302 0.938551 0.041667 0.061449
0 0.130952 0.832174 0.080586 0.155942
0 0.645375 0.857391 0.083791 0.223768
0 0.521520 0.857391 0.123626 0.223768
0 0.388736 0.788116 0.054945 0.145508
0 0.273123 0.814782 0.103022 0.198841
0 0.789378 0.838261 0.179487 0.262029
0 0.097985 0.677391 0.014652 0.070145
0 0.097985 0.587246 0.014652 0.019710
0 0.709249 0.598261 0.339744 0.187826
0 0.190248 0.481739 0.016941 0.018550
0 0.110806 0.493333 0.040293 0.041739
0 0.343865 0.506377 0.189561 0.109565
0 0.285714 0.402029 0.014652 0.007536
0 0.871566 0.392753 0.015110 0.086377
0 0.518086 0.301739 0.038920 0.019130
0 0.442995 0.301739 0.008699 0.019130
0 0.384845 0.301739 0.008699 0.019130
0 0.304258 0.311884 0.051740 0.039420
0 0.614926 0.296521 0.054029 0.029565
0 0.778617 0.369275 0.201007 0.178551
0 0.608287 0.229275 0.015109 0.008695
0 0.781135 0.196522 0.108059 0.103188
0 0.760531 0.058550 0.149268 0.098551
0 0.645604 0.102609 0.089743 0.186667
1 0.425366 0.960000 0.037546 0.018550
1 0.396062 0.884348 0.004579 0.045797
1 0.871566 0.879420 0.015110 0.051015
1 0.830815 0.748406 0.027014 0.005797
1 0.681090 0.748406 0.036172 0.005797
1 0.601877 0.748406 0.036172 0.005797
1 0.446886 0.748406 0.060439 0.005797
1 0.342949 0.718260 0.035714 0.005797
1 0.706272 0.715363 0.004121 0.045217
1 0.592491 0.641739 0.027472 0.035942
1 0.097985 0.619710 0.014652 0.044058
1 0.706272 0.481449 0.004121 0.044638
1 0.285714 0.428696 0.014652 0.044637
1 0.660027 0.306377 0.035257 0.009855
1 0.608287 0.257681 0.015109 0.046956
1 0.708791 0.190435 0.035714 0.005217
1 0.659570 0.190435 0.031593 0.005217
1 0.701007 0.108406 0.029304 0.037102
2 0.719323 0.960000 0.063187 0.018550
2 0.570971 0.960000 0.064103 0.018550
2 0.452610 0.960000 0.013278 0.018550
2 0.340660 0.960000 0.046703 0.018550
2 0.282967 0.926956 0.015568 0.024347
2 0.196429 0.900579 0.049451 0.019131
2 0.097985 0.733333 0.014652 0.040580
2 0.871566 0.666956 0.015110 0.079421
2 0.097985 0.545797 0.014652 0.062029
2 0.223901 0.481739 0.049450 0.018550
2 0.156365 0.481739 0.049909 0.018550
2 0.871566 0.477391 0.015110 0.081739
2 0.285714 0.364928 0.014652 0.065507
2 0.871566 0.334203 0.015110 0.029566
2 0.562729 0.301739 0.049450 0.019130
2 0.472985 0.301739 0.050366 0.019130
2 0.413919 0.301739 0.048535 0.019130
2 0.355312 0.301739 0.049451 0.019130
2 0.827610 0.264058 0.015110 0.030724
2 0.608287 0.210435 0.015109 0.027826
2 0.827610 0.109566 0.015110 0.069565
2 0.663004 0.018841 0.044872 0.019131